"","dim","L","stepsize","ESS","ESS.L","AR"
"1",2,1,0.1,NA,NA,NA
"2",2,2,0.1,NA,NA,NA
"3",2,3,0.1,NA,NA,NA
"4",2,4,0.1,NA,NA,NA
"5",2,5,0.1,NA,NA,NA
"6",2,6,0.1,NA,NA,NA
"7",2,7,0.1,NA,NA,NA
"8",2,8,0.1,NA,NA,NA
"9",2,9,0.1,2093.30003840441,232.588893156046,0.9994
"10",2,10,0.1,2691.89491030749,269.189491030749,0.999
"11",2,1,0.11,NA,NA,NA
"12",2,2,0.11,NA,NA,NA
"13",2,3,0.11,NA,NA,NA
"14",2,4,0.11,NA,NA,NA
"15",2,5,0.11,NA,NA,NA
"16",2,6,0.11,NA,NA,NA
"17",2,7,0.11,NA,NA,NA
"18",2,8,0.11,1942.11726856066,242.764658570083,0.9987
"19",2,9,0.11,2541.13689856603,282.348544285115,0.9989
"20",2,10,0.11,3176.76964299507,317.676964299507,0.9986
"21",2,1,0.12,NA,NA,NA
"22",2,2,0.12,NA,NA,NA
"23",2,3,0.12,NA,NA,NA
"24",2,4,0.12,NA,NA,NA
"25",2,5,0.12,NA,NA,NA
"26",2,6,0.12,NA,NA,NA
"27",2,7,0.12,1737.86358981925,248.266227117035,0.9982
"28",2,8,0.12,2409.3084133822,301.163551672775,0.9987
"29",2,9,0.12,3117.55771048471,346.395301164968,0.9992
"30",2,10,0.12,4196.88557070898,419.688557070898,0.999
"31",2,1,0.13,NA,NA,NA
"32",2,2,0.13,NA,NA,NA
"33",2,3,0.13,NA,NA,NA
"34",2,4,0.13,NA,NA,NA
"35",2,5,0.13,NA,NA,NA
"36",2,6,0.13,NA,NA,NA
"37",2,7,0.13,1893.85600827323,270.550858324747,0.9984
"38",2,8,0.13,2936.38439297313,367.048049121641,0.9983
"39",2,9,0.13,3836.64535114307,426.293927904785,0.998
"40",2,10,0.13,5091.68911643091,509.168911643091,0.9975
"41",2,1,0.14,NA,NA,NA
"42",2,2,0.14,NA,NA,NA
"43",2,3,0.14,NA,NA,NA
"44",2,4,0.14,NA,NA,NA
"45",2,5,0.14,NA,NA,NA
"46",2,6,0.14,1824.5982726931,304.099712115517,0.9982
"47",2,7,0.14,2586.17829372321,369.454041960459,0.9986
"48",2,8,0.14,3433.4999069377,429.187488367213,0.9971
"49",2,9,0.14,4892.98532167465,543.665035741627,0.9974
"50",2,10,0.14,6327.95670402921,632.795670402921,0.997
"51",2,1,0.15,NA,NA,NA
"52",2,2,0.15,NA,NA,NA
"53",2,3,0.15,NA,NA,NA
"54",2,4,0.15,NA,NA,NA
"55",2,5,0.15,NA,NA,NA
"56",2,6,0.15,2037.08706767246,339.514511278744,0.9977
"57",2,7,0.15,3055.92488467905,436.560697811293,0.9974
"58",2,8,0.15,4045.0726511779,505.634081397237,0.9977
"59",2,9,0.15,5621.75335702219,624.639261891355,0.9967
"60",2,10,0.15,7807.64651951711,780.764651951711,0.9959
"61",2,1,0.16,NA,NA,NA
"62",2,2,0.16,NA,NA,NA
"63",2,3,0.16,NA,NA,NA
"64",2,4,0.16,NA,NA,NA
"65",2,5,0.16,NA,NA,NA
"66",2,6,0.16,2334.22422218024,389.037370363374,0.9975
"67",2,7,0.16,3507.64592129404,501.092274470578,0.9978
"68",2,8,0.16,4808.3747688072,601.0468461009,0.9968
"69",2,9,0.16,6852.78543785829,761.420604206477,0.9977
"70",2,10,0.16,NA,NA,NA
"71",2,1,0.17,NA,NA,NA
"72",2,2,0.17,NA,NA,NA
"73",2,3,0.17,NA,NA,NA
"74",2,4,0.17,NA,NA,NA
"75",2,5,0.17,1809.24337551088,361.848675102175,0.9972
"76",2,6,0.17,2752.04188491665,458.673647486108,0.9966
"77",2,7,0.17,4130.10701865108,590.015288378726,0.9974
"78",2,8,0.17,5708.21434781193,713.526793476492,0.9968
"79",2,9,0.17,7454.60706991329,828.28967443481,0.9967
"80",2,10,0.17,NA,NA,NA
"81",2,1,0.18,NA,NA,NA
"82",2,2,0.18,NA,NA,NA
"83",2,3,0.18,NA,NA,NA
"84",2,4,0.18,NA,NA,NA
"85",2,5,0.18,2082.31507698772,416.463015397545,0.9962
"86",2,6,0.18,3234.72106972931,539.120178288219,0.9968
"87",2,7,0.18,4830.70158285696,690.100226122424,0.9963
"88",2,8,0.18,7031.61394187171,878.951742733964,0.9957
"89",2,9,0.18,NA,NA,NA
"90",2,10,0.18,NA,NA,NA
"91",2,1,0.19,NA,NA,NA
"92",2,2,0.19,NA,NA,NA
"93",2,3,0.19,NA,NA,NA
"94",2,4,0.19,NA,NA,NA
"95",2,5,0.19,2344.40426070737,468.880852141473,0.9962
"96",2,6,0.19,3719.75389519533,619.958982532554,0.9969
"97",2,7,0.19,5381.81405934445,768.83057990635,0.9966
"98",2,8,0.19,8062.36340751974,1007.79542593997,0.9952
"99",2,9,0.19,NA,NA,NA
"100",2,10,0.19,NA,NA,NA
"101",2,1,0.2,NA,NA,NA
"102",2,2,0.2,NA,NA,NA
"103",2,3,0.2,NA,NA,NA
"104",2,4,0.2,NA,NA,NA
"105",2,5,0.2,2618.79852537443,523.759705074887,0.9963
"106",2,6,0.2,4191.09012131643,698.515020219405,0.9945
"107",2,7,0.2,6014.58313300366,859.226161857666,0.9947
"108",2,8,0.2,NA,NA,NA
"109",2,9,0.2,NA,NA,NA
"110",2,10,0.2,NA,NA,NA
"111",2,1,0.21,NA,NA,NA
"112",2,2,0.21,NA,NA,NA
"113",2,3,0.21,NA,NA,NA
"114",2,4,0.21,1963.46973235059,490.867433087647,0.9973
"115",2,5,0.21,2979.21335742367,595.842671484735,0.9948
"116",2,6,0.21,4772.67959952864,795.446599921441,0.9946
"117",2,7,0.21,7386.50886342795,1055.21555191828,0.9925
"118",2,8,0.21,NA,NA,NA
"119",2,9,0.21,NA,NA,NA
"120",2,10,0.21,NA,NA,NA
"121",2,1,0.22,NA,NA,NA
"122",2,2,0.22,NA,NA,NA
"123",2,3,0.22,NA,NA,NA
"124",2,4,0.22,1788.45252836266,447.113132090665,0.9957
"125",2,5,0.22,3264.61430338043,652.922860676085,0.9943
"126",2,6,0.22,4941.91598520872,823.652664201452,0.9938
"127",2,7,0.22,8314.8474023464,1187.83534319234,0.9927
"128",2,8,0.22,NA,NA,NA
"129",2,9,0.22,NA,NA,NA
"130",2,10,0.22,NA,NA,NA
"131",2,1,0.23,NA,NA,NA
"132",2,2,0.23,NA,NA,NA
"133",2,3,0.23,NA,NA,NA
"134",2,4,0.23,2192.06957848443,548.017394621108,0.9934
"135",2,5,0.23,3660.4637518265,732.0927503653,0.995
"136",2,6,0.23,6065.19737799749,1010.86622966625,0.9934
"137",2,7,0.23,NA,NA,NA
"138",2,8,0.23,NA,NA,NA
"139",2,9,0.23,NA,NA,NA
"140",2,10,0.23,NA,NA,NA
"141",2,1,0.24,NA,NA,NA
"142",2,2,0.24,NA,NA,NA
"143",2,3,0.24,NA,NA,NA
"144",2,4,0.24,2172.34183916424,543.08545979106,0.9939
"145",2,5,0.24,4253.49498056702,850.698996113404,0.9942
"146",2,6,0.24,6932.75873795119,1155.45978965853,0.9932
"147",2,7,0.24,NA,NA,NA
"148",2,8,0.24,NA,NA,NA
"149",2,9,0.24,NA,NA,NA
"150",2,10,0.24,NA,NA,NA
"151",2,1,0.25,NA,NA,NA
"152",2,2,0.25,NA,NA,NA
"153",2,3,0.25,NA,NA,NA
"154",2,4,0.25,2746.52849598602,686.632123996504,0.993
"155",2,5,0.25,4334.64963766575,866.92992753315,0.9917
"156",2,6,0.25,7207.66850674171,1201.27808445695,0.9921
"157",2,7,0.25,NA,NA,NA
"158",2,8,0.25,NA,NA,NA
"159",2,9,0.25,NA,NA,NA
"160",2,10,0.25,NA,NA,NA
"161",2,1,0.26,NA,NA,NA
"162",2,2,0.26,NA,NA,NA
"163",2,3,0.26,NA,NA,NA
"164",2,4,0.26,2994.74489467131,748.686223667827,0.9907
"165",2,5,0.26,5259.12055687288,1051.82411137458,0.9915
"166",2,6,0.26,8719.25856339319,1453.20976056553,0.9923
"167",2,7,0.26,NA,NA,NA
"168",2,8,0.26,NA,NA,NA
"169",2,9,0.26,NA,NA,NA
"170",2,10,0.26,NA,NA,NA
"171",2,1,0.27,NA,NA,NA
"172",2,2,0.27,NA,NA,NA
"173",2,3,0.27,1640.68055406162,546.89351802054,0.9929
"174",2,4,0.27,3220.30715928621,805.076789821552,0.9926
"175",2,5,0.27,5700.62809443611,1140.12561888722,0.9915
"176",2,6,0.27,NA,NA,NA
"177",2,7,0.27,NA,NA,NA
"178",2,8,0.27,NA,NA,NA
"179",2,9,0.27,NA,NA,NA
"180",2,10,0.27,NA,NA,NA
"181",2,1,0.28,NA,NA,NA
"182",2,2,0.28,NA,NA,NA
"183",2,3,0.28,1754.46363129102,584.821210430341,0.9919
"184",2,4,0.28,3682.17723385822,920.544308464555,0.9915
"185",2,5,0.28,6430.36096503424,1286.07219300685,0.991
"186",2,6,0.28,NA,NA,NA
"187",2,7,0.28,NA,NA,NA
"188",2,8,0.28,NA,NA,NA
"189",2,9,0.28,NA,NA,NA
"190",2,10,0.28,NA,NA,NA
"191",2,1,0.29,NA,NA,NA
"192",2,2,0.29,NA,NA,NA
"193",2,3,0.29,1974.70935697665,658.236452325549,0.9915
"194",2,4,0.29,4107.69366486237,1026.92341621559,0.9911
"195",2,5,0.29,6498.96304715392,1299.79260943078,0.9893
"196",2,6,0.29,NA,NA,NA
"197",2,7,0.29,NA,NA,NA
"198",2,8,0.29,NA,NA,NA
"199",2,9,0.29,NA,NA,NA
"200",2,10,0.29,NA,NA,NA
"201",2,1,0.3,NA,NA,NA
"202",2,2,0.3,NA,NA,NA
"203",2,3,0.3,2008.59844551728,669.532815172426,0.9893
"204",2,4,0.3,3911.22357038687,977.805892596716,0.9901
"205",2,5,0.3,7835.71519087756,1567.14303817551,0.9899
"206",2,6,0.3,NA,NA,NA
"207",2,7,0.3,NA,NA,NA
"208",2,8,0.3,NA,NA,NA
"209",2,9,0.3,NA,NA,NA
"210",2,10,0.3,NA,NA,NA
"211",2,1,0.31,NA,NA,NA
"212",2,2,0.31,NA,NA,NA
"213",2,3,0.31,2164.20284384035,721.400947946785,0.9906
"214",2,4,0.31,4217.45612986052,1054.36403246513,0.9904
"215",2,5,0.31,8390.87185302948,1678.1743706059,0.9883
"216",2,6,0.31,NA,NA,NA
"217",2,7,0.31,NA,NA,NA
"218",2,8,0.31,NA,NA,NA
"219",2,9,0.31,NA,NA,NA
"220",2,10,0.31,NA,NA,NA
"221",2,1,0.32,NA,NA,NA
"222",2,2,0.32,NA,NA,NA
"223",2,3,0.32,2496.50367953374,832.167893177912,0.9894
"224",2,4,0.32,4788.51305563152,1197.12826390788,0.9865
"225",2,5,0.32,NA,NA,NA
"226",2,6,0.32,NA,NA,NA
"227",2,7,0.32,NA,NA,NA
"228",2,8,0.32,NA,NA,NA
"229",2,9,0.32,NA,NA,NA
"230",2,10,0.32,NA,NA,NA
"231",2,1,0.33,NA,NA,NA
"232",2,2,0.33,NA,NA,NA
"233",2,3,0.33,2512.8718751746,837.623958391533,0.9872
"234",2,4,0.33,5430.13496814841,1357.5337420371,0.9867
"235",2,5,0.33,NA,NA,NA
"236",2,6,0.33,NA,NA,NA
"237",2,7,0.33,NA,NA,NA
"238",2,8,0.33,NA,NA,NA
"239",2,9,0.33,NA,NA,NA
"240",2,10,0.33,NA,NA,NA
"241",2,1,0.34,NA,NA,NA
"242",2,2,0.34,NA,NA,NA
"243",2,3,0.34,2786.4723480366,928.824116012199,0.9874
"244",2,4,0.34,5745.48480526535,1436.37120131634,0.9852
"245",2,5,0.34,NA,NA,NA
"246",2,6,0.34,NA,NA,NA
"247",2,7,0.34,NA,NA,NA
"248",2,8,0.34,NA,NA,NA
"249",2,9,0.34,NA,NA,NA
"250",2,10,0.34,NA,NA,NA
"251",2,1,0.35,NA,NA,NA
"252",2,2,0.35,NA,NA,NA
"253",2,3,0.35,3092.34442891513,1030.78147630504,0.9863
"254",2,4,0.35,6462.72828896901,1615.68207224225,0.9845
"255",2,5,0.35,NA,NA,NA
"256",2,6,0.35,NA,NA,NA
"257",2,7,0.35,NA,NA,NA
"258",2,8,0.35,NA,NA,NA
"259",2,9,0.35,NA,NA,NA
"260",2,10,0.35,NA,NA,NA
"261",2,1,0.36,NA,NA,NA
"262",2,2,0.36,NA,NA,NA
"263",2,3,0.36,3219.06946401748,1073.02315467249,0.9838
"264",2,4,0.36,6764.99397901163,1691.24849475291,0.9844
"265",2,5,0.36,NA,NA,NA
"266",2,6,0.36,NA,NA,NA
"267",2,7,0.36,NA,NA,NA
"268",2,8,0.36,NA,NA,NA
"269",2,9,0.36,NA,NA,NA
"270",2,10,0.36,NA,NA,NA
"271",2,1,0.37,NA,NA,NA
"272",2,2,0.37,NA,NA,NA
"273",2,3,0.37,3634.18719455308,1211.39573151769,0.9853
"274",2,4,0.37,7370.50542489765,1842.62635622441,0.9818
"275",2,5,0.37,NA,NA,NA
"276",2,6,0.37,NA,NA,NA
"277",2,7,0.37,NA,NA,NA
"278",2,8,0.37,NA,NA,NA
"279",2,9,0.37,NA,NA,NA
"280",2,10,0.37,NA,NA,NA
"281",2,1,0.38,NA,NA,NA
"282",2,2,0.38,NA,NA,NA
"283",2,3,0.38,3729.60340433912,1243.20113477971,0.9844
"284",2,4,0.38,8146.4213339143,2036.60533347857,0.983
"285",2,5,0.38,NA,NA,NA
"286",2,6,0.38,NA,NA,NA
"287",2,7,0.38,NA,NA,NA
"288",2,8,0.38,NA,NA,NA
"289",2,9,0.38,NA,NA,NA
"290",2,10,0.38,NA,NA,NA
"291",2,1,0.39,NA,NA,NA
"292",2,2,0.39,NA,NA,NA
"293",2,3,0.39,4025.44773787853,1341.81591262618,0.9809
"294",2,4,0.39,9000.99999999997,2250.24999999999,0.9809
"295",2,5,0.39,NA,NA,NA
"296",2,6,0.39,NA,NA,NA
"297",2,7,0.39,NA,NA,NA
"298",2,8,0.39,NA,NA,NA
"299",2,9,0.39,NA,NA,NA
"300",2,10,0.39,NA,NA,NA
"301",2,1,0.4,NA,NA,NA
"302",2,2,0.4,NA,NA,NA
"303",2,3,0.4,4100.93172172874,1366.97724057625,0.9784
"304",2,4,0.4,NA,NA,NA
"305",2,5,0.4,NA,NA,NA
"306",2,6,0.4,NA,NA,NA
"307",2,7,0.4,NA,NA,NA
"308",2,8,0.4,NA,NA,NA
"309",2,9,0.4,NA,NA,NA
"310",2,10,0.4,NA,NA,NA
"311",2,1,0.41,NA,NA,NA
"312",2,2,0.41,1700.87355036215,850.436775181074,0.9846
"313",2,3,0.41,4341.06383749906,1447.02127916635,0.9797
"314",2,4,0.41,NA,NA,NA
"315",2,5,0.41,NA,NA,NA
"316",2,6,0.41,NA,NA,NA
"317",2,7,0.41,NA,NA,NA
"318",2,8,0.41,NA,NA,NA
"319",2,9,0.41,NA,NA,NA
"320",2,10,0.41,NA,NA,NA
"321",2,1,0.42,NA,NA,NA
"322",2,2,0.42,1896.8579504012,948.428975200601,0.9843
"323",2,3,0.42,4760.86593517047,1586.95531172349,0.9783
"324",2,4,0.42,NA,NA,NA
"325",2,5,0.42,NA,NA,NA
"326",2,6,0.42,NA,NA,NA
"327",2,7,0.42,NA,NA,NA
"328",2,8,0.42,NA,NA,NA
"329",2,9,0.42,NA,NA,NA
"330",2,10,0.42,NA,NA,NA
"331",2,1,0.43,NA,NA,NA
"332",2,2,0.43,1940.70691580156,970.353457900782,0.9826
"333",2,3,0.43,5421.78909337992,1807.26303112664,0.9766
"334",2,4,0.43,NA,NA,NA
"335",2,5,0.43,NA,NA,NA
"336",2,6,0.43,NA,NA,NA
"337",2,7,0.43,NA,NA,NA
"338",2,8,0.43,NA,NA,NA
"339",2,9,0.43,NA,NA,NA
"340",2,10,0.43,NA,NA,NA
"341",2,1,0.44,NA,NA,NA
"342",2,2,0.44,2025.62564589495,1012.81282294747,0.9794
"343",2,3,0.44,5490.44339783909,1830.1477992797,0.9746
"344",2,4,0.44,NA,NA,NA
"345",2,5,0.44,NA,NA,NA
"346",2,6,0.44,NA,NA,NA
"347",2,7,0.44,NA,NA,NA
"348",2,8,0.44,NA,NA,NA
"349",2,9,0.44,NA,NA,NA
"350",2,10,0.44,NA,NA,NA
"351",2,1,0.45,NA,NA,NA
"352",2,2,0.45,2117.71086436468,1058.85543218234,0.9809
"353",2,3,0.45,5952.35344180095,1984.11781393365,0.975
"354",2,4,0.45,NA,NA,NA
"355",2,5,0.45,NA,NA,NA
"356",2,6,0.45,NA,NA,NA
"357",2,7,0.45,NA,NA,NA
"358",2,8,0.45,NA,NA,NA
"359",2,9,0.45,NA,NA,NA
"360",2,10,0.45,NA,NA,NA
"361",2,1,0.46,NA,NA,NA
"362",2,2,0.46,2289.01731205445,1144.50865602722,0.978
"363",2,3,0.46,6218.86620514012,2072.95540171337,0.9701
"364",2,4,0.46,NA,NA,NA
"365",2,5,0.46,NA,NA,NA
"366",2,6,0.46,NA,NA,NA
"367",2,7,0.46,NA,NA,NA
"368",2,8,0.46,NA,NA,NA
"369",2,9,0.46,NA,NA,NA
"370",2,10,0.46,NA,NA,NA
"371",2,1,0.47,NA,NA,NA
"372",2,2,0.47,2398.26513760911,1199.13256880455,0.9774
"373",2,3,0.47,6023.05132324996,2007.68377441665,0.9706
"374",2,4,0.47,NA,NA,NA
"375",2,5,0.47,NA,NA,NA
"376",2,6,0.47,NA,NA,NA
"377",2,7,0.47,NA,NA,NA
"378",2,8,0.47,NA,NA,NA
"379",2,9,0.47,NA,NA,NA
"380",2,10,0.47,NA,NA,NA
"381",2,1,0.48,NA,NA,NA
"382",2,2,0.48,2344.47795390545,1172.23897695272,0.9767
"383",2,3,0.48,6876.72847175901,2292.24282391967,0.9715
"384",2,4,0.48,NA,NA,NA
"385",2,5,0.48,NA,NA,NA
"386",2,6,0.48,NA,NA,NA
"387",2,7,0.48,NA,NA,NA
"388",2,8,0.48,NA,NA,NA
"389",2,9,0.48,NA,NA,NA
"390",2,10,0.48,NA,NA,NA
"391",2,1,0.49,NA,NA,NA
"392",2,2,0.49,2480.15479257585,1240.07739628792,0.9733
"393",2,3,0.49,8083.80422561345,2694.60140853782,0.9673
"394",2,4,0.49,NA,NA,NA
"395",2,5,0.49,NA,NA,NA
"396",2,6,0.49,NA,NA,NA
"397",2,7,0.49,NA,NA,NA
"398",2,8,0.49,NA,NA,NA
"399",2,9,0.49,NA,NA,NA
"400",2,10,0.49,NA,NA,NA
"401",2,1,0.5,NA,NA,NA
"402",2,2,0.5,2818.22966220875,1409.11483110437,0.971
"403",2,3,0.5,7603.74191573058,2534.58063857686,0.9684
"404",2,4,0.5,NA,NA,NA
"405",2,5,0.5,NA,NA,NA
"406",2,6,0.5,NA,NA,NA
"407",2,7,0.5,NA,NA,NA
"408",2,8,0.5,NA,NA,NA
"409",2,9,0.5,NA,NA,NA
"410",2,10,0.5,NA,NA,NA
"411",2,1,0.51,NA,NA,NA
"412",2,2,0.51,2862.61445056809,1431.30722528405,0.9715
"413",2,3,0.51,7916.53713202263,2638.84571067421,0.9623
"414",2,4,0.51,NA,NA,NA
"415",2,5,0.51,NA,NA,NA
"416",2,6,0.51,NA,NA,NA
"417",2,7,0.51,NA,NA,NA
"418",2,8,0.51,NA,NA,NA
"419",2,9,0.51,NA,NA,NA
"420",2,10,0.51,NA,NA,NA
"421",2,1,0.52,NA,NA,NA
"422",2,2,0.52,3019.52855125602,1509.76427562801,0.9683
"423",2,3,0.52,8575.86257534843,2858.62085844948,0.9654
"424",2,4,0.52,NA,NA,NA
"425",2,5,0.52,NA,NA,NA
"426",2,6,0.52,NA,NA,NA
"427",2,7,0.52,NA,NA,NA
"428",2,8,0.52,NA,NA,NA
"429",2,9,0.52,NA,NA,NA
"430",2,10,0.52,NA,NA,NA
"431",2,1,0.53,NA,NA,NA
"432",2,2,0.53,3180.32646997006,1590.16323498503,0.9674
"433",2,3,0.53,9292.97322137402,3097.65774045801,0.9629
"434",2,4,0.53,NA,NA,NA
"435",2,5,0.53,NA,NA,NA
"436",2,6,0.53,NA,NA,NA
"437",2,7,0.53,NA,NA,NA
"438",2,8,0.53,NA,NA,NA
"439",2,9,0.53,NA,NA,NA
"440",2,10,0.53,NA,NA,NA
"441",2,1,0.54,NA,NA,NA
"442",2,2,0.54,3388.3155726814,1694.1577863407,0.9629
"443",2,3,0.54,NA,NA,NA
"444",2,4,0.54,NA,NA,NA
"445",2,5,0.54,NA,NA,NA
"446",2,6,0.54,NA,NA,NA
"447",2,7,0.54,NA,NA,NA
"448",2,8,0.54,NA,NA,NA
"449",2,9,0.54,NA,NA,NA
"450",2,10,0.54,NA,NA,NA
"451",2,1,0.55,NA,NA,NA
"452",2,2,0.55,3484.90483739768,1742.45241869884,0.9642
"453",2,3,0.55,NA,NA,NA
"454",2,4,0.55,NA,NA,NA
"455",2,5,0.55,NA,NA,NA
"456",2,6,0.55,NA,NA,NA
"457",2,7,0.55,NA,NA,NA
"458",2,8,0.55,NA,NA,NA
"459",2,9,0.55,NA,NA,NA
"460",2,10,0.55,NA,NA,NA
"461",2,1,0.56,NA,NA,NA
"462",2,2,0.56,3584.34903653432,1792.17451826716,0.962
"463",2,3,0.56,NA,NA,NA
"464",2,4,0.56,NA,NA,NA
"465",2,5,0.56,NA,NA,NA
"466",2,6,0.56,NA,NA,NA
"467",2,7,0.56,NA,NA,NA
"468",2,8,0.56,NA,NA,NA
"469",2,9,0.56,NA,NA,NA
"470",2,10,0.56,NA,NA,NA
"471",2,1,0.57,NA,NA,NA
"472",2,2,0.57,3718.94587535952,1859.47293767976,0.9618
"473",2,3,0.57,NA,NA,NA
"474",2,4,0.57,NA,NA,NA
"475",2,5,0.57,NA,NA,NA
"476",2,6,0.57,NA,NA,NA
"477",2,7,0.57,NA,NA,NA
"478",2,8,0.57,NA,NA,NA
"479",2,9,0.57,NA,NA,NA
"480",2,10,0.57,NA,NA,NA
"481",2,1,0.58,NA,NA,NA
"482",2,2,0.58,3614.8468771853,1807.42343859265,0.9597
"483",2,3,0.58,NA,NA,NA
"484",2,4,0.58,NA,NA,NA
"485",2,5,0.58,NA,NA,NA
"486",2,6,0.58,NA,NA,NA
"487",2,7,0.58,NA,NA,NA
"488",2,8,0.58,NA,NA,NA
"489",2,9,0.58,NA,NA,NA
"490",2,10,0.58,NA,NA,NA
"491",2,1,0.59,NA,NA,NA
"492",2,2,0.59,4063.40249574412,2031.70124787206,0.9543
"493",2,3,0.59,NA,NA,NA
"494",2,4,0.59,NA,NA,NA
"495",2,5,0.59,NA,NA,NA
"496",2,6,0.59,NA,NA,NA
"497",2,7,0.59,NA,NA,NA
"498",2,8,0.59,NA,NA,NA
"499",2,9,0.59,NA,NA,NA
"500",2,10,0.59,NA,NA,NA
"501",2,1,0.6,NA,NA,NA
"502",2,2,0.6,4285.73813896427,2142.86906948214,0.9561
"503",2,3,0.6,NA,NA,NA
"504",2,4,0.6,NA,NA,NA
"505",2,5,0.6,NA,NA,NA
"506",2,6,0.6,NA,NA,NA
"507",2,7,0.6,NA,NA,NA
"508",2,8,0.6,NA,NA,NA
"509",2,9,0.6,NA,NA,NA
"510",2,10,0.6,NA,NA,NA
"511",2,1,0.61,NA,NA,NA
"512",2,2,0.61,4656.60765978867,2328.30382989433,0.9539
"513",2,3,0.61,NA,NA,NA
"514",2,4,0.61,NA,NA,NA
"515",2,5,0.61,NA,NA,NA
"516",2,6,0.61,NA,NA,NA
"517",2,7,0.61,NA,NA,NA
"518",2,8,0.61,NA,NA,NA
"519",2,9,0.61,NA,NA,NA
"520",2,10,0.61,NA,NA,NA
"521",2,1,0.62,NA,NA,NA
"522",2,2,0.62,4745.05819767183,2372.52909883592,0.9519
"523",2,3,0.62,NA,NA,NA
"524",2,4,0.62,NA,NA,NA
"525",2,5,0.62,NA,NA,NA
"526",2,6,0.62,NA,NA,NA
"527",2,7,0.62,NA,NA,NA
"528",2,8,0.62,NA,NA,NA
"529",2,9,0.62,NA,NA,NA
"530",2,10,0.62,NA,NA,NA
"531",2,1,0.63,NA,NA,NA
"532",2,2,0.63,4954.0851686442,2477.0425843221,0.9517
"533",2,3,0.63,NA,NA,NA
"534",2,4,0.63,NA,NA,NA
"535",2,5,0.63,NA,NA,NA
"536",2,6,0.63,NA,NA,NA
"537",2,7,0.63,NA,NA,NA
"538",2,8,0.63,NA,NA,NA
"539",2,9,0.63,NA,NA,NA
"540",2,10,0.63,NA,NA,NA
"541",2,1,0.64,NA,NA,NA
"542",2,2,0.64,4487.50045470744,2243.75022735372,0.9478
"543",2,3,0.64,NA,NA,NA
"544",2,4,0.64,NA,NA,NA
"545",2,5,0.64,NA,NA,NA
"546",2,6,0.64,NA,NA,NA
"547",2,7,0.64,NA,NA,NA
"548",2,8,0.64,NA,NA,NA
"549",2,9,0.64,NA,NA,NA
"550",2,10,0.64,NA,NA,NA
"551",2,1,0.65,NA,NA,NA
"552",2,2,0.65,5392.03729015129,2696.01864507565,0.9488
"553",2,3,0.65,NA,NA,NA
"554",2,4,0.65,NA,NA,NA
"555",2,5,0.65,NA,NA,NA
"556",2,6,0.65,NA,NA,NA
"557",2,7,0.65,NA,NA,NA
"558",2,8,0.65,NA,NA,NA
"559",2,9,0.65,NA,NA,NA
"560",2,10,0.65,NA,NA,NA
"561",2,1,0.66,NA,NA,NA
"562",2,2,0.66,5625.73066044767,2812.86533022383,0.9471
"563",2,3,0.66,NA,NA,NA
"564",2,4,0.66,NA,NA,NA
"565",2,5,0.66,NA,NA,NA
"566",2,6,0.66,NA,NA,NA
"567",2,7,0.66,NA,NA,NA
"568",2,8,0.66,NA,NA,NA
"569",2,9,0.66,NA,NA,NA
"570",2,10,0.66,NA,NA,NA
"571",2,1,0.67,NA,NA,NA
"572",2,2,0.67,5406.71490961836,2703.35745480918,0.9383
"573",2,3,0.67,NA,NA,NA
"574",2,4,0.67,NA,NA,NA
"575",2,5,0.67,NA,NA,NA
"576",2,6,0.67,NA,NA,NA
"577",2,7,0.67,NA,NA,NA
"578",2,8,0.67,NA,NA,NA
"579",2,9,0.67,NA,NA,NA
"580",2,10,0.67,NA,NA,NA
"581",2,1,0.68,NA,NA,NA
"582",2,2,0.68,5738.81626995946,2869.40813497973,0.9389
"583",2,3,0.68,NA,NA,NA
"584",2,4,0.68,NA,NA,NA
"585",2,5,0.68,NA,NA,NA
"586",2,6,0.68,NA,NA,NA
"587",2,7,0.68,NA,NA,NA
"588",2,8,0.68,NA,NA,NA
"589",2,9,0.68,NA,NA,NA
"590",2,10,0.68,NA,NA,NA
"591",2,1,0.69,NA,NA,NA
"592",2,2,0.69,6325.77985706674,3162.88992853337,0.9358
"593",2,3,0.69,NA,NA,NA
"594",2,4,0.69,NA,NA,NA
"595",2,5,0.69,NA,NA,NA
"596",2,6,0.69,NA,NA,NA
"597",2,7,0.69,NA,NA,NA
"598",2,8,0.69,NA,NA,NA
"599",2,9,0.69,NA,NA,NA
"600",2,10,0.69,NA,NA,NA
"601",2,1,0.7,NA,NA,NA
"602",2,2,0.7,6247.35959658081,3123.6797982904,0.9349
"603",2,3,0.7,NA,NA,NA
"604",2,4,0.7,NA,NA,NA
"605",2,5,0.7,NA,NA,NA
"606",2,6,0.7,NA,NA,NA
"607",2,7,0.7,NA,NA,NA
"608",2,8,0.7,NA,NA,NA
"609",2,9,0.7,NA,NA,NA
"610",2,10,0.7,NA,NA,NA
"611",2,1,0.71,NA,NA,NA
"612",2,2,0.71,6166.53576759874,3083.26788379937,0.9342
"613",2,3,0.71,NA,NA,NA
"614",2,4,0.71,NA,NA,NA
"615",2,5,0.71,NA,NA,NA
"616",2,6,0.71,NA,NA,NA
"617",2,7,0.71,NA,NA,NA
"618",2,8,0.71,NA,NA,NA
"619",2,9,0.71,NA,NA,NA
"620",2,10,0.71,NA,NA,NA
"621",2,1,0.72,NA,NA,NA
"622",2,2,0.72,6864.86935448197,3432.43467724098,0.9312
"623",2,3,0.72,NA,NA,NA
"624",2,4,0.72,NA,NA,NA
"625",2,5,0.72,NA,NA,NA
"626",2,6,0.72,NA,NA,NA
"627",2,7,0.72,NA,NA,NA
"628",2,8,0.72,NA,NA,NA
"629",2,9,0.72,NA,NA,NA
"630",2,10,0.72,NA,NA,NA
"631",2,1,0.73,NA,NA,NA
"632",2,2,0.73,7214.72910696634,3607.36455348317,0.9269
"633",2,3,0.73,NA,NA,NA
"634",2,4,0.73,NA,NA,NA
"635",2,5,0.73,NA,NA,NA
"636",2,6,0.73,NA,NA,NA
"637",2,7,0.73,NA,NA,NA
"638",2,8,0.73,NA,NA,NA
"639",2,9,0.73,NA,NA,NA
"640",2,10,0.73,NA,NA,NA
"641",2,1,0.74,NA,NA,NA
"642",2,2,0.74,7267.53195742362,3633.76597871181,0.9308
"643",2,3,0.74,NA,NA,NA
"644",2,4,0.74,NA,NA,NA
"645",2,5,0.74,NA,NA,NA
"646",2,6,0.74,NA,NA,NA
"647",2,7,0.74,NA,NA,NA
"648",2,8,0.74,NA,NA,NA
"649",2,9,0.74,NA,NA,NA
"650",2,10,0.74,NA,NA,NA
"651",2,1,0.75,NA,NA,NA
"652",2,2,0.75,7664.59895071955,3832.29947535977,0.9227
"653",2,3,0.75,NA,NA,NA
"654",2,4,0.75,NA,NA,NA
"655",2,5,0.75,NA,NA,NA
"656",2,6,0.75,NA,NA,NA
"657",2,7,0.75,NA,NA,NA
"658",2,8,0.75,NA,NA,NA
"659",2,9,0.75,NA,NA,NA
"660",2,10,0.75,NA,NA,NA
"661",2,1,0.76,NA,NA,NA
"662",2,2,0.76,7973.82741030961,3986.91370515481,0.9197
"663",2,3,0.76,NA,NA,NA
"664",2,4,0.76,NA,NA,NA
"665",2,5,0.76,NA,NA,NA
"666",2,6,0.76,NA,NA,NA
"667",2,7,0.76,NA,NA,NA
"668",2,8,0.76,NA,NA,NA
"669",2,9,0.76,NA,NA,NA
"670",2,10,0.76,NA,NA,NA
"671",2,1,0.77,NA,NA,NA
"672",2,2,0.77,7886.39954016794,3943.19977008397,0.9174
"673",2,3,0.77,NA,NA,NA
"674",2,4,0.77,NA,NA,NA
"675",2,5,0.77,NA,NA,NA
"676",2,6,0.77,NA,NA,NA
"677",2,7,0.77,NA,NA,NA
"678",2,8,0.77,NA,NA,NA
"679",2,9,0.77,NA,NA,NA
"680",2,10,0.77,NA,NA,NA
"681",2,1,0.78,NA,NA,NA
"682",2,2,0.78,7945.92727641931,3972.96363820966,0.9171
"683",2,3,0.78,NA,NA,NA
"684",2,4,0.78,NA,NA,NA
"685",2,5,0.78,NA,NA,NA
"686",2,6,0.78,NA,NA,NA
"687",2,7,0.78,NA,NA,NA
"688",2,8,0.78,NA,NA,NA
"689",2,9,0.78,NA,NA,NA
"690",2,10,0.78,NA,NA,NA
"691",2,1,0.79,NA,NA,NA
"692",2,2,0.79,8596.06759140285,4298.03379570142,0.9143
"693",2,3,0.79,NA,NA,NA
"694",2,4,0.79,NA,NA,NA
"695",2,5,0.79,NA,NA,NA
"696",2,6,0.79,NA,NA,NA
"697",2,7,0.79,NA,NA,NA
"698",2,8,0.79,NA,NA,NA
"699",2,9,0.79,NA,NA,NA
"700",2,10,0.79,NA,NA,NA
"701",2,1,0.8,NA,NA,NA
"702",2,2,0.8,NA,NA,NA
"703",2,3,0.8,NA,NA,NA
"704",2,4,0.8,NA,NA,NA
"705",2,5,0.8,NA,NA,NA
"706",2,6,0.8,NA,NA,NA
"707",2,7,0.8,NA,NA,NA
"708",2,8,0.8,NA,NA,NA
"709",2,9,0.8,NA,NA,NA
"710",2,10,0.8,NA,NA,NA
"711",2,1,0.81,1714.045611789,1714.045611789,0.9333
"712",2,2,0.81,NA,NA,NA
"713",2,3,0.81,NA,NA,NA
"714",2,4,0.81,NA,NA,NA
"715",2,5,0.81,NA,NA,NA
"716",2,6,0.81,NA,NA,NA
"717",2,7,0.81,NA,NA,NA
"718",2,8,0.81,NA,NA,NA
"719",2,9,0.81,NA,NA,NA
"720",2,10,0.81,NA,NA,NA
"721",2,1,0.82,1928.42045196936,1928.42045196936,0.9334
"722",2,2,0.82,NA,NA,NA
"723",2,3,0.82,NA,NA,NA
"724",2,4,0.82,NA,NA,NA
"725",2,5,0.82,NA,NA,NA
"726",2,6,0.82,NA,NA,NA
"727",2,7,0.82,NA,NA,NA
"728",2,8,0.82,NA,NA,NA
"729",2,9,0.82,NA,NA,NA
"730",2,10,0.82,NA,NA,NA
"731",2,1,0.83,1902.26230636916,1902.26230636916,0.9284
"732",2,2,0.83,NA,NA,NA
"733",2,3,0.83,NA,NA,NA
"734",2,4,0.83,NA,NA,NA
"735",2,5,0.83,NA,NA,NA
"736",2,6,0.83,NA,NA,NA
"737",2,7,0.83,NA,NA,NA
"738",2,8,0.83,NA,NA,NA
"739",2,9,0.83,NA,NA,NA
"740",2,10,0.83,NA,NA,NA
"741",2,1,0.84,1895.91638346696,1895.91638346696,0.925
"742",2,2,0.84,NA,NA,NA
"743",2,3,0.84,NA,NA,NA
"744",2,4,0.84,NA,NA,NA
"745",2,5,0.84,NA,NA,NA
"746",2,6,0.84,NA,NA,NA
"747",2,7,0.84,NA,NA,NA
"748",2,8,0.84,NA,NA,NA
"749",2,9,0.84,NA,NA,NA
"750",2,10,0.84,NA,NA,NA
"751",2,1,0.85,1977.19542128577,1977.19542128577,0.9206
"752",2,2,0.85,NA,NA,NA
"753",2,3,0.85,NA,NA,NA
"754",2,4,0.85,NA,NA,NA
"755",2,5,0.85,NA,NA,NA
"756",2,6,0.85,NA,NA,NA
"757",2,7,0.85,NA,NA,NA
"758",2,8,0.85,NA,NA,NA
"759",2,9,0.85,NA,NA,NA
"760",2,10,0.85,NA,NA,NA
"761",2,1,0.86,2122.64710954494,2122.64710954494,0.9161
"762",2,2,0.86,NA,NA,NA
"763",2,3,0.86,NA,NA,NA
"764",2,4,0.86,NA,NA,NA
"765",2,5,0.86,NA,NA,NA
"766",2,6,0.86,NA,NA,NA
"767",2,7,0.86,NA,NA,NA
"768",2,8,0.86,NA,NA,NA
"769",2,9,0.86,NA,NA,NA
"770",2,10,0.86,NA,NA,NA
"771",2,1,0.87,2157.8993065022,2157.8993065022,0.9175
"772",2,2,0.87,NA,NA,NA
"773",2,3,0.87,NA,NA,NA
"774",2,4,0.87,NA,NA,NA
"775",2,5,0.87,NA,NA,NA
"776",2,6,0.87,NA,NA,NA
"777",2,7,0.87,NA,NA,NA
"778",2,8,0.87,NA,NA,NA
"779",2,9,0.87,NA,NA,NA
"780",2,10,0.87,NA,NA,NA
"781",2,1,0.88,2303.93477009115,2303.93477009115,0.9163
"782",2,2,0.88,NA,NA,NA
"783",2,3,0.88,NA,NA,NA
"784",2,4,0.88,NA,NA,NA
"785",2,5,0.88,NA,NA,NA
"786",2,6,0.88,NA,NA,NA
"787",2,7,0.88,NA,NA,NA
"788",2,8,0.88,NA,NA,NA
"789",2,9,0.88,NA,NA,NA
"790",2,10,0.88,NA,NA,NA
"791",2,1,0.89,2284.30840251728,2284.30840251728,0.9155
"792",2,2,0.89,NA,NA,NA
"793",2,3,0.89,NA,NA,NA
"794",2,4,0.89,NA,NA,NA
"795",2,5,0.89,NA,NA,NA
"796",2,6,0.89,NA,NA,NA
"797",2,7,0.89,NA,NA,NA
"798",2,8,0.89,NA,NA,NA
"799",2,9,0.89,NA,NA,NA
"800",2,10,0.89,NA,NA,NA
"801",2,1,0.9,2186.86884154405,2186.86884154405,0.9107
"802",2,2,0.9,NA,NA,NA
"803",2,3,0.9,NA,NA,NA
"804",2,4,0.9,NA,NA,NA
"805",2,5,0.9,NA,NA,NA
"806",2,6,0.9,NA,NA,NA
"807",2,7,0.9,NA,NA,NA
"808",2,8,0.9,NA,NA,NA
"809",2,9,0.9,NA,NA,NA
"810",2,10,0.9,NA,NA,NA
"811",2,1,0.91,2335.49443926023,2335.49443926023,0.9042
"812",2,2,0.91,NA,NA,NA
"813",2,3,0.91,NA,NA,NA
"814",2,4,0.91,NA,NA,NA
"815",2,5,0.91,NA,NA,NA
"816",2,6,0.91,NA,NA,NA
"817",2,7,0.91,NA,NA,NA
"818",2,8,0.91,NA,NA,NA
"819",2,9,0.91,NA,NA,NA
"820",2,10,0.91,NA,NA,NA
"821",2,1,0.92,2385.26987576528,2385.26987576528,0.9038
"822",2,2,0.92,NA,NA,NA
"823",2,3,0.92,NA,NA,NA
"824",2,4,0.92,NA,NA,NA
"825",2,5,0.92,NA,NA,NA
"826",2,6,0.92,NA,NA,NA
"827",2,7,0.92,NA,NA,NA
"828",2,8,0.92,NA,NA,NA
"829",2,9,0.92,NA,NA,NA
"830",2,10,0.92,NA,NA,NA
"831",2,1,0.93,2489.62222575977,2489.62222575977,0.8994
"832",2,2,0.93,NA,NA,NA
"833",2,3,0.93,NA,NA,NA
"834",2,4,0.93,NA,NA,NA
"835",2,5,0.93,NA,NA,NA
"836",2,6,0.93,NA,NA,NA
"837",2,7,0.93,NA,NA,NA
"838",2,8,0.93,NA,NA,NA
"839",2,9,0.93,NA,NA,NA
"840",2,10,0.93,NA,NA,NA
"841",2,1,0.94,2637.97501953574,2637.97501953574,0.8949
"842",2,2,0.94,NA,NA,NA
"843",2,3,0.94,NA,NA,NA
"844",2,4,0.94,NA,NA,NA
"845",2,5,0.94,NA,NA,NA
"846",2,6,0.94,NA,NA,NA
"847",2,7,0.94,NA,NA,NA
"848",2,8,0.94,NA,NA,NA
"849",2,9,0.94,NA,NA,NA
"850",2,10,0.94,NA,NA,NA
"851",2,1,0.95,2753.01655644845,2753.01655644845,0.8934
"852",2,2,0.95,NA,NA,NA
"853",2,3,0.95,NA,NA,NA
"854",2,4,0.95,NA,NA,NA
"855",2,5,0.95,NA,NA,NA
"856",2,6,0.95,NA,NA,NA
"857",2,7,0.95,NA,NA,NA
"858",2,8,0.95,NA,NA,NA
"859",2,9,0.95,NA,NA,NA
"860",2,10,0.95,NA,NA,NA
"861",2,1,0.96,2689.40196741727,2689.40196741727,0.8912
"862",2,2,0.96,NA,NA,NA
"863",2,3,0.96,NA,NA,NA
"864",2,4,0.96,NA,NA,NA
"865",2,5,0.96,NA,NA,NA
"866",2,6,0.96,NA,NA,NA
"867",2,7,0.96,NA,NA,NA
"868",2,8,0.96,NA,NA,NA
"869",2,9,0.96,NA,NA,NA
"870",2,10,0.96,NA,NA,NA
"871",2,1,0.97,2844.39410228439,2844.39410228439,0.8899
"872",2,2,0.97,NA,NA,NA
"873",2,3,0.97,NA,NA,NA
"874",2,4,0.97,NA,NA,NA
"875",2,5,0.97,NA,NA,NA
"876",2,6,0.97,NA,NA,NA
"877",2,7,0.97,NA,NA,NA
"878",2,8,0.97,NA,NA,NA
"879",2,9,0.97,NA,NA,NA
"880",2,10,0.97,NA,NA,NA
"881",2,1,0.98,2959.95010475676,2959.95010475676,0.8838
"882",2,2,0.98,NA,NA,NA
"883",2,3,0.98,NA,NA,NA
"884",2,4,0.98,NA,NA,NA
"885",2,5,0.98,NA,NA,NA
"886",2,6,0.98,NA,NA,NA
"887",2,7,0.98,NA,NA,NA
"888",2,8,0.98,NA,NA,NA
"889",2,9,0.98,NA,NA,NA
"890",2,10,0.98,NA,NA,NA
"891",2,1,0.99,2999.84453166925,2999.84453166925,0.8833
"892",2,2,0.99,NA,NA,NA
"893",2,3,0.99,NA,NA,NA
"894",2,4,0.99,NA,NA,NA
"895",2,5,0.99,NA,NA,NA
"896",2,6,0.99,NA,NA,NA
"897",2,7,0.99,NA,NA,NA
"898",2,8,0.99,NA,NA,NA
"899",2,9,0.99,NA,NA,NA
"900",2,10,0.99,NA,NA,NA
"901",2,1,1,2951.17345525256,2951.17345525256,0.8757
"902",2,2,1,NA,NA,NA
"903",2,3,1,NA,NA,NA
"904",2,4,1,NA,NA,NA
"905",2,5,1,NA,NA,NA
"906",2,6,1,NA,NA,NA
"907",2,7,1,NA,NA,NA
"908",2,8,1,NA,NA,NA
"909",2,9,1,NA,NA,NA
"910",2,10,1,NA,NA,NA
"911",2,1,1.01,3203.77675411714,3203.77675411714,0.8723
"912",2,2,1.01,NA,NA,NA
"913",2,3,1.01,NA,NA,NA
"914",2,4,1.01,NA,NA,NA
"915",2,5,1.01,NA,NA,NA
"916",2,6,1.01,NA,NA,NA
"917",2,7,1.01,NA,NA,NA
"918",2,8,1.01,NA,NA,NA
"919",2,9,1.01,NA,NA,NA
"920",2,10,1.01,NA,NA,NA
"921",2,1,1.02,3240.28512101894,3240.28512101894,0.8734
"922",2,2,1.02,NA,NA,NA
"923",2,3,1.02,NA,NA,NA
"924",2,4,1.02,NA,NA,NA
"925",2,5,1.02,NA,NA,NA
"926",2,6,1.02,NA,NA,NA
"927",2,7,1.02,NA,NA,NA
"928",2,8,1.02,NA,NA,NA
"929",2,9,1.02,NA,NA,NA
"930",2,10,1.02,NA,NA,NA
"931",2,1,1.03,3173.64648483384,3173.64648483384,0.8621
"932",2,2,1.03,NA,NA,NA
"933",2,3,1.03,NA,NA,NA
"934",2,4,1.03,NA,NA,NA
"935",2,5,1.03,NA,NA,NA
"936",2,6,1.03,NA,NA,NA
"937",2,7,1.03,NA,NA,NA
"938",2,8,1.03,NA,NA,NA
"939",2,9,1.03,NA,NA,NA
"940",2,10,1.03,NA,NA,NA
"941",2,1,1.04,3412.50779723347,3412.50779723347,0.8568
"942",2,2,1.04,NA,NA,NA
"943",2,3,1.04,NA,NA,NA
"944",2,4,1.04,NA,NA,NA
"945",2,5,1.04,NA,NA,NA
"946",2,6,1.04,NA,NA,NA
"947",2,7,1.04,NA,NA,NA
"948",2,8,1.04,NA,NA,NA
"949",2,9,1.04,NA,NA,NA
"950",2,10,1.04,NA,NA,NA
"951",2,1,1.05,3351.74781372645,3351.74781372645,0.8551
"952",2,2,1.05,NA,NA,NA
"953",2,3,1.05,NA,NA,NA
"954",2,4,1.05,NA,NA,NA
"955",2,5,1.05,NA,NA,NA
"956",2,6,1.05,NA,NA,NA
"957",2,7,1.05,NA,NA,NA
"958",2,8,1.05,NA,NA,NA
"959",2,9,1.05,NA,NA,NA
"960",2,10,1.05,NA,NA,NA
"961",2,1,1.06,3546.47999073863,3546.47999073863,0.8491
"962",2,2,1.06,NA,NA,NA
"963",2,3,1.06,NA,NA,NA
"964",2,4,1.06,NA,NA,NA
"965",2,5,1.06,NA,NA,NA
"966",2,6,1.06,NA,NA,NA
"967",2,7,1.06,NA,NA,NA
"968",2,8,1.06,NA,NA,NA
"969",2,9,1.06,NA,NA,NA
"970",2,10,1.06,NA,NA,NA
"971",2,1,1.07,3574.64620777862,3574.64620777862,0.8474
"972",2,2,1.07,NA,NA,NA
"973",2,3,1.07,NA,NA,NA
"974",2,4,1.07,NA,NA,NA
"975",2,5,1.07,NA,NA,NA
"976",2,6,1.07,NA,NA,NA
"977",2,7,1.07,NA,NA,NA
"978",2,8,1.07,NA,NA,NA
"979",2,9,1.07,NA,NA,NA
"980",2,10,1.07,NA,NA,NA
"981",2,1,1.08,3410.52582382631,3410.52582382631,0.8433
"982",2,2,1.08,NA,NA,NA
"983",2,3,1.08,NA,NA,NA
"984",2,4,1.08,NA,NA,NA
"985",2,5,1.08,NA,NA,NA
"986",2,6,1.08,NA,NA,NA
"987",2,7,1.08,NA,NA,NA
"988",2,8,1.08,NA,NA,NA
"989",2,9,1.08,NA,NA,NA
"990",2,10,1.08,NA,NA,NA
"991",2,1,1.09,3288.99643256269,3288.99643256269,0.8389
"992",2,2,1.09,NA,NA,NA
"993",2,3,1.09,NA,NA,NA
"994",2,4,1.09,NA,NA,NA
"995",2,5,1.09,NA,NA,NA
"996",2,6,1.09,NA,NA,NA
"997",2,7,1.09,NA,NA,NA
"998",2,8,1.09,NA,NA,NA
"999",2,9,1.09,NA,NA,NA
"1000",2,10,1.09,NA,NA,NA
"1001",2,1,1.1,3742.21186719862,3742.21186719862,0.8374
"1002",2,2,1.1,NA,NA,NA
"1003",2,3,1.1,NA,NA,NA
"1004",2,4,1.1,NA,NA,NA
"1005",2,5,1.1,NA,NA,NA
"1006",2,6,1.1,NA,NA,NA
"1007",2,7,1.1,NA,NA,NA
"1008",2,8,1.1,NA,NA,NA
"1009",2,9,1.1,NA,NA,NA
"1010",2,10,1.1,NA,NA,NA
"1011",2,1,1.11,3947.93807066237,3947.93807066237,0.8244
"1012",2,2,1.11,NA,NA,NA
"1013",2,3,1.11,NA,NA,NA
"1014",2,4,1.11,NA,NA,NA
"1015",2,5,1.11,NA,NA,NA
"1016",2,6,1.11,NA,NA,NA
"1017",2,7,1.11,NA,NA,NA
"1018",2,8,1.11,NA,NA,NA
"1019",2,9,1.11,NA,NA,NA
"1020",2,10,1.11,NA,NA,NA
"1021",2,1,1.12,4006.54185918198,4006.54185918198,0.8186
"1022",2,2,1.12,NA,NA,NA
"1023",2,3,1.12,NA,NA,NA
"1024",2,4,1.12,NA,NA,NA
"1025",2,5,1.12,NA,NA,NA
"1026",2,6,1.12,NA,NA,NA
"1027",2,7,1.12,NA,NA,NA
"1028",2,8,1.12,NA,NA,NA
"1029",2,9,1.12,NA,NA,NA
"1030",2,10,1.12,NA,NA,NA
"1031",2,1,1.13,3957.08015148689,3957.08015148689,0.8228
"1032",2,2,1.13,NA,NA,NA
"1033",2,3,1.13,NA,NA,NA
"1034",2,4,1.13,NA,NA,NA
"1035",2,5,1.13,NA,NA,NA
"1036",2,6,1.13,NA,NA,NA
"1037",2,7,1.13,NA,NA,NA
"1038",2,8,1.13,NA,NA,NA
"1039",2,9,1.13,NA,NA,NA
"1040",2,10,1.13,NA,NA,NA
"1041",2,1,1.14,4115.32335773868,4115.32335773868,0.8194
"1042",2,2,1.14,NA,NA,NA
"1043",2,3,1.14,NA,NA,NA
"1044",2,4,1.14,NA,NA,NA
"1045",2,5,1.14,NA,NA,NA
"1046",2,6,1.14,NA,NA,NA
"1047",2,7,1.14,NA,NA,NA
"1048",2,8,1.14,NA,NA,NA
"1049",2,9,1.14,NA,NA,NA
"1050",2,10,1.14,NA,NA,NA
"1051",2,1,1.15,3935.02514534543,3935.02514534543,0.8128
"1052",2,2,1.15,NA,NA,NA
"1053",2,3,1.15,NA,NA,NA
"1054",2,4,1.15,NA,NA,NA
"1055",2,5,1.15,NA,NA,NA
"1056",2,6,1.15,NA,NA,NA
"1057",2,7,1.15,NA,NA,NA
"1058",2,8,1.15,NA,NA,NA
"1059",2,9,1.15,NA,NA,NA
"1060",2,10,1.15,NA,NA,NA
"1061",2,1,1.16,4335.83491222504,4335.83491222504,0.811
"1062",2,2,1.16,NA,NA,NA
"1063",2,3,1.16,NA,NA,NA
"1064",2,4,1.16,NA,NA,NA
"1065",2,5,1.16,NA,NA,NA
"1066",2,6,1.16,NA,NA,NA
"1067",2,7,1.16,NA,NA,NA
"1068",2,8,1.16,NA,NA,NA
"1069",2,9,1.16,NA,NA,NA
"1070",2,10,1.16,NA,NA,NA
"1071",2,1,1.17,4243.98054127561,4243.98054127561,0.7988
"1072",2,2,1.17,NA,NA,NA
"1073",2,3,1.17,NA,NA,NA
"1074",2,4,1.17,NA,NA,NA
"1075",2,5,1.17,NA,NA,NA
"1076",2,6,1.17,NA,NA,NA
"1077",2,7,1.17,NA,NA,NA
"1078",2,8,1.17,NA,NA,NA
"1079",2,9,1.17,NA,NA,NA
"1080",2,10,1.17,NA,NA,NA
"1081",2,1,1.18,4031.17734574237,4031.17734574237,0.7933
"1082",2,2,1.18,NA,NA,NA
"1083",2,3,1.18,NA,NA,NA
"1084",2,4,1.18,NA,NA,NA
"1085",2,5,1.18,NA,NA,NA
"1086",2,6,1.18,NA,NA,NA
"1087",2,7,1.18,NA,NA,NA
"1088",2,8,1.18,NA,NA,NA
"1089",2,9,1.18,NA,NA,NA
"1090",2,10,1.18,NA,NA,NA
"1091",2,1,1.19,4483.12736127234,4483.12736127234,0.7901
"1092",2,2,1.19,NA,NA,NA
"1093",2,3,1.19,NA,NA,NA
"1094",2,4,1.19,NA,NA,NA
"1095",2,5,1.19,NA,NA,NA
"1096",2,6,1.19,NA,NA,NA
"1097",2,7,1.19,NA,NA,NA
"1098",2,8,1.19,NA,NA,NA
"1099",2,9,1.19,NA,NA,NA
"1100",2,10,1.19,NA,NA,NA
"1101",2,1,1.2,4400.54088651295,4400.54088651295,0.7937
"1102",2,2,1.2,NA,NA,NA
"1103",2,3,1.2,NA,NA,NA
"1104",2,4,1.2,NA,NA,NA
"1105",2,5,1.2,NA,NA,NA
"1106",2,6,1.2,NA,NA,NA
"1107",2,7,1.2,NA,NA,NA
"1108",2,8,1.2,NA,NA,NA
"1109",2,9,1.2,NA,NA,NA
"1110",2,10,1.2,NA,NA,NA
"1111",2,1,1.21,4225.4426084666,4225.4426084666,0.785
"1112",2,2,1.21,NA,NA,NA
"1113",2,3,1.21,NA,NA,NA
"1114",2,4,1.21,NA,NA,NA
"1115",2,5,1.21,NA,NA,NA
"1116",2,6,1.21,NA,NA,NA
"1117",2,7,1.21,NA,NA,NA
"1118",2,8,1.21,NA,NA,NA
"1119",2,9,1.21,NA,NA,NA
"1120",2,10,1.21,NA,NA,NA
"1121",2,1,1.22,4642.29822958073,4642.29822958073,0.7734
"1122",2,2,1.22,NA,NA,NA
"1123",2,3,1.22,NA,NA,NA
"1124",2,4,1.22,NA,NA,NA
"1125",2,5,1.22,NA,NA,NA
"1126",2,6,1.22,NA,NA,NA
"1127",2,7,1.22,NA,NA,NA
"1128",2,8,1.22,NA,NA,NA
"1129",2,9,1.22,NA,NA,NA
"1130",2,10,1.22,NA,NA,NA
"1131",2,1,1.23,4636.48638733171,4636.48638733171,0.7757
"1132",2,2,1.23,NA,NA,NA
"1133",2,3,1.23,NA,NA,NA
"1134",2,4,1.23,NA,NA,NA
"1135",2,5,1.23,NA,NA,NA
"1136",2,6,1.23,NA,NA,NA
"1137",2,7,1.23,NA,NA,NA
"1138",2,8,1.23,NA,NA,NA
"1139",2,9,1.23,NA,NA,NA
"1140",2,10,1.23,NA,NA,NA
"1141",2,1,1.24,4829.75876322148,4829.75876322148,0.7756
"1142",2,2,1.24,NA,NA,NA
"1143",2,3,1.24,NA,NA,NA
"1144",2,4,1.24,NA,NA,NA
"1145",2,5,1.24,NA,NA,NA
"1146",2,6,1.24,NA,NA,NA
"1147",2,7,1.24,NA,NA,NA
"1148",2,8,1.24,NA,NA,NA
"1149",2,9,1.24,NA,NA,NA
"1150",2,10,1.24,NA,NA,NA
"1151",2,1,1.25,4818.44225675822,4818.44225675822,0.7682
"1152",2,2,1.25,NA,NA,NA
"1153",2,3,1.25,NA,NA,NA
"1154",2,4,1.25,NA,NA,NA
"1155",2,5,1.25,NA,NA,NA
"1156",2,6,1.25,NA,NA,NA
"1157",2,7,1.25,NA,NA,NA
"1158",2,8,1.25,NA,NA,NA
"1159",2,9,1.25,NA,NA,NA
"1160",2,10,1.25,NA,NA,NA
"1161",2,1,1.26,4862.19360790508,4862.19360790508,0.7598
"1162",2,2,1.26,NA,NA,NA
"1163",2,3,1.26,NA,NA,NA
"1164",2,4,1.26,NA,NA,NA
"1165",2,5,1.26,NA,NA,NA
"1166",2,6,1.26,NA,NA,NA
"1167",2,7,1.26,NA,NA,NA
"1168",2,8,1.26,NA,NA,NA
"1169",2,9,1.26,NA,NA,NA
"1170",2,10,1.26,NA,NA,NA
"1171",2,1,1.27,5092.24502795353,5092.24502795353,0.7584
"1172",2,2,1.27,NA,NA,NA
"1173",2,3,1.27,NA,NA,NA
"1174",2,4,1.27,NA,NA,NA
"1175",2,5,1.27,NA,NA,NA
"1176",2,6,1.27,NA,NA,NA
"1177",2,7,1.27,NA,NA,NA
"1178",2,8,1.27,NA,NA,NA
"1179",2,9,1.27,NA,NA,NA
"1180",2,10,1.27,NA,NA,NA
"1181",2,1,1.28,5066.1078400343,5066.1078400343,0.7503
"1182",2,2,1.28,NA,NA,NA
"1183",2,3,1.28,NA,NA,NA
"1184",2,4,1.28,NA,NA,NA
"1185",2,5,1.28,NA,NA,NA
"1186",2,6,1.28,NA,NA,NA
"1187",2,7,1.28,NA,NA,NA
"1188",2,8,1.28,NA,NA,NA
"1189",2,9,1.28,NA,NA,NA
"1190",2,10,1.28,NA,NA,NA
"1191",2,1,1.29,5022.14088827542,5022.14088827542,0.7419
"1192",2,2,1.29,NA,NA,NA
"1193",2,3,1.29,NA,NA,NA
"1194",2,4,1.29,NA,NA,NA
"1195",2,5,1.29,NA,NA,NA
"1196",2,6,1.29,NA,NA,NA
"1197",2,7,1.29,NA,NA,NA
"1198",2,8,1.29,NA,NA,NA
"1199",2,9,1.29,NA,NA,NA
"1200",2,10,1.29,NA,NA,NA
"1201",2,1,1.3,5161.74656471719,5161.74656471719,0.7339
"1202",2,2,1.3,NA,NA,NA
"1203",2,3,1.3,NA,NA,NA
"1204",2,4,1.3,NA,NA,NA
"1205",2,5,1.3,NA,NA,NA
"1206",2,6,1.3,NA,NA,NA
"1207",2,7,1.3,NA,NA,NA
"1208",2,8,1.3,NA,NA,NA
"1209",2,9,1.3,NA,NA,NA
"1210",2,10,1.3,NA,NA,NA
"1211",2,1,1.31,5161.66102594827,5161.66102594827,0.7334
"1212",2,2,1.31,NA,NA,NA
"1213",2,3,1.31,NA,NA,NA
"1214",2,4,1.31,NA,NA,NA
"1215",2,5,1.31,NA,NA,NA
"1216",2,6,1.31,NA,NA,NA
"1217",2,7,1.31,NA,NA,NA
"1218",2,8,1.31,NA,NA,NA
"1219",2,9,1.31,NA,NA,NA
"1220",2,10,1.31,NA,NA,NA
"1221",2,1,1.32,5356.07281439787,5356.07281439787,0.7266
"1222",2,2,1.32,NA,NA,NA
"1223",2,3,1.32,NA,NA,NA
"1224",2,4,1.32,NA,NA,NA
"1225",2,5,1.32,NA,NA,NA
"1226",2,6,1.32,NA,NA,NA
"1227",2,7,1.32,NA,NA,NA
"1228",2,8,1.32,NA,NA,NA
"1229",2,9,1.32,NA,NA,NA
"1230",2,10,1.32,NA,NA,NA
"1231",2,1,1.33,5445.7211413083,5445.7211413083,0.7153
"1232",2,2,1.33,NA,NA,NA
"1233",2,3,1.33,NA,NA,NA
"1234",2,4,1.33,NA,NA,NA
"1235",2,5,1.33,NA,NA,NA
"1236",2,6,1.33,NA,NA,NA
"1237",2,7,1.33,NA,NA,NA
"1238",2,8,1.33,NA,NA,NA
"1239",2,9,1.33,NA,NA,NA
"1240",2,10,1.33,NA,NA,NA
"1241",2,1,1.34,5122.21936315963,5122.21936315963,0.7038
"1242",2,2,1.34,NA,NA,NA
"1243",2,3,1.34,NA,NA,NA
"1244",2,4,1.34,NA,NA,NA
"1245",2,5,1.34,NA,NA,NA
"1246",2,6,1.34,NA,NA,NA
"1247",2,7,1.34,NA,NA,NA
"1248",2,8,1.34,NA,NA,NA
"1249",2,9,1.34,NA,NA,NA
"1250",2,10,1.34,NA,NA,NA
"1251",2,1,1.35,5382.69286225418,5382.69286225418,0.7077
"1252",2,2,1.35,NA,NA,NA
"1253",2,3,1.35,NA,NA,NA
"1254",2,4,1.35,NA,NA,NA
"1255",2,5,1.35,NA,NA,NA
"1256",2,6,1.35,NA,NA,NA
"1257",2,7,1.35,NA,NA,NA
"1258",2,8,1.35,NA,NA,NA
"1259",2,9,1.35,NA,NA,NA
"1260",2,10,1.35,NA,NA,NA
"1261",2,1,1.36,5337.07277953136,5337.07277953136,0.704
"1262",2,2,1.36,NA,NA,NA
"1263",2,3,1.36,NA,NA,NA
"1264",2,4,1.36,NA,NA,NA
"1265",2,5,1.36,NA,NA,NA
"1266",2,6,1.36,NA,NA,NA
"1267",2,7,1.36,NA,NA,NA
"1268",2,8,1.36,NA,NA,NA
"1269",2,9,1.36,NA,NA,NA
"1270",2,10,1.36,NA,NA,NA
"1271",2,1,1.37,5510.54301076463,5510.54301076463,0.6836
"1272",2,2,1.37,NA,NA,NA
"1273",2,3,1.37,NA,NA,NA
"1274",2,4,1.37,NA,NA,NA
"1275",2,5,1.37,NA,NA,NA
"1276",2,6,1.37,NA,NA,NA
"1277",2,7,1.37,NA,NA,NA
"1278",2,8,1.37,NA,NA,NA
"1279",2,9,1.37,NA,NA,NA
"1280",2,10,1.37,NA,NA,NA
"1281",2,1,1.38,5567.97332056927,5567.97332056927,0.6875
"1282",2,2,1.38,NA,NA,NA
"1283",2,3,1.38,NA,NA,NA
"1284",2,4,1.38,NA,NA,NA
"1285",2,5,1.38,NA,NA,NA
"1286",2,6,1.38,NA,NA,NA
"1287",2,7,1.38,NA,NA,NA
"1288",2,8,1.38,NA,NA,NA
"1289",2,9,1.38,NA,NA,NA
"1290",2,10,1.38,NA,NA,NA
"1291",2,1,1.39,5520.94319256292,5520.94319256292,0.679
"1292",2,2,1.39,NA,NA,NA
"1293",2,3,1.39,NA,NA,NA
"1294",2,4,1.39,NA,NA,NA
"1295",2,5,1.39,NA,NA,NA
"1296",2,6,1.39,NA,NA,NA
"1297",2,7,1.39,NA,NA,NA
"1298",2,8,1.39,NA,NA,NA
"1299",2,9,1.39,NA,NA,NA
"1300",2,10,1.39,NA,NA,NA
"1301",2,1,1.4,5487.74445230321,5487.74445230321,0.6714
"1302",2,2,1.4,NA,NA,NA
"1303",2,3,1.4,NA,NA,NA
"1304",2,4,1.4,NA,NA,NA
"1305",2,5,1.4,NA,NA,NA
"1306",2,6,1.4,NA,NA,NA
"1307",2,7,1.4,NA,NA,NA
"1308",2,8,1.4,NA,NA,NA
"1309",2,9,1.4,NA,NA,NA
"1310",2,10,1.4,NA,NA,NA
"1311",2,1,1.41,5464.85810802563,5464.85810802563,0.6689
"1312",2,2,1.41,NA,NA,NA
"1313",2,3,1.41,NA,NA,NA
"1314",2,4,1.41,NA,NA,NA
"1315",2,5,1.41,NA,NA,NA
"1316",2,6,1.41,NA,NA,NA
"1317",2,7,1.41,NA,NA,NA
"1318",2,8,1.41,NA,NA,NA
"1319",2,9,1.41,NA,NA,NA
"1320",2,10,1.41,NA,NA,NA
"1321",2,1,1.42,5537.02443515401,5537.02443515401,0.6528
"1322",2,2,1.42,NA,NA,NA
"1323",2,3,1.42,NA,NA,NA
"1324",2,4,1.42,NA,NA,NA
"1325",2,5,1.42,NA,NA,NA
"1326",2,6,1.42,NA,NA,NA
"1327",2,7,1.42,NA,NA,NA
"1328",2,8,1.42,NA,NA,NA
"1329",2,9,1.42,NA,NA,NA
"1330",2,10,1.42,NA,NA,NA
"1331",2,1,1.43,5814.31098722708,5814.31098722708,0.6532
"1332",2,2,1.43,NA,NA,NA
"1333",2,3,1.43,NA,NA,NA
"1334",2,4,1.43,NA,NA,NA
"1335",2,5,1.43,NA,NA,NA
"1336",2,6,1.43,NA,NA,NA
"1337",2,7,1.43,NA,NA,NA
"1338",2,8,1.43,NA,NA,NA
"1339",2,9,1.43,NA,NA,NA
"1340",2,10,1.43,NA,NA,NA
"1341",2,1,1.44,5205.10813886845,5205.10813886845,0.652
"1342",2,2,1.44,NA,NA,NA
"1343",2,3,1.44,NA,NA,NA
"1344",2,4,1.44,NA,NA,NA
"1345",2,5,1.44,NA,NA,NA
"1346",2,6,1.44,NA,NA,NA
"1347",2,7,1.44,NA,NA,NA
"1348",2,8,1.44,NA,NA,NA
"1349",2,9,1.44,NA,NA,NA
"1350",2,10,1.44,NA,NA,NA
"1351",2,1,1.45,5561.61461268697,5561.61461268697,0.658
"1352",2,2,1.45,NA,NA,NA
"1353",2,3,1.45,NA,NA,NA
"1354",2,4,1.45,NA,NA,NA
"1355",2,5,1.45,NA,NA,NA
"1356",2,6,1.45,NA,NA,NA
"1357",2,7,1.45,NA,NA,NA
"1358",2,8,1.45,NA,NA,NA
"1359",2,9,1.45,NA,NA,NA
"1360",2,10,1.45,NA,NA,NA
"1361",2,1,1.46,5591.87721599339,5591.87721599339,0.6393
"1362",2,2,1.46,NA,NA,NA
"1363",2,3,1.46,NA,NA,NA
"1364",2,4,1.46,NA,NA,NA
"1365",2,5,1.46,NA,NA,NA
"1366",2,6,1.46,NA,NA,NA
"1367",2,7,1.46,NA,NA,NA
"1368",2,8,1.46,NA,NA,NA
"1369",2,9,1.46,NA,NA,NA
"1370",2,10,1.46,NA,NA,NA
"1371",2,1,1.47,5265.04416011604,5265.04416011604,0.6428
"1372",2,2,1.47,NA,NA,NA
"1373",2,3,1.47,NA,NA,NA
"1374",2,4,1.47,NA,NA,NA
"1375",2,5,1.47,NA,NA,NA
"1376",2,6,1.47,NA,NA,NA
"1377",2,7,1.47,NA,NA,NA
"1378",2,8,1.47,NA,NA,NA
"1379",2,9,1.47,NA,NA,NA
"1380",2,10,1.47,NA,NA,NA
"1381",2,1,1.48,5632.83009967245,5632.83009967245,0.6296
"1382",2,2,1.48,NA,NA,NA
"1383",2,3,1.48,NA,NA,NA
"1384",2,4,1.48,NA,NA,NA
"1385",2,5,1.48,NA,NA,NA
"1386",2,6,1.48,NA,NA,NA
"1387",2,7,1.48,NA,NA,NA
"1388",2,8,1.48,NA,NA,NA
"1389",2,9,1.48,NA,NA,NA
"1390",2,10,1.48,NA,NA,NA
"1391",2,1,1.49,5619.05081935272,5619.05081935272,0.612
"1392",2,2,1.49,NA,NA,NA
"1393",2,3,1.49,NA,NA,NA
"1394",2,4,1.49,NA,NA,NA
"1395",2,5,1.49,NA,NA,NA
"1396",2,6,1.49,NA,NA,NA
"1397",2,7,1.49,NA,NA,NA
"1398",2,8,1.49,NA,NA,NA
"1399",2,9,1.49,NA,NA,NA
"1400",2,10,1.49,NA,NA,NA
"1401",2,1,1.5,4912.96099288029,4912.96099288029,0.6074
"1402",2,2,1.5,NA,NA,NA
"1403",2,3,1.5,NA,NA,NA
"1404",2,4,1.5,NA,NA,NA
"1405",2,5,1.5,NA,NA,NA
"1406",2,6,1.5,NA,NA,NA
"1407",2,7,1.5,NA,NA,NA
"1408",2,8,1.5,NA,NA,NA
"1409",2,9,1.5,NA,NA,NA
"1410",2,10,1.5,NA,NA,NA
"1411",2,1,1.51,5181.40016282934,5181.40016282934,0.6037
"1412",2,2,1.51,NA,NA,NA
"1413",2,3,1.51,NA,NA,NA
"1414",2,4,1.51,NA,NA,NA
"1415",2,5,1.51,NA,NA,NA
"1416",2,6,1.51,NA,NA,NA
"1417",2,7,1.51,NA,NA,NA
"1418",2,8,1.51,NA,NA,NA
"1419",2,9,1.51,NA,NA,NA
"1420",2,10,1.51,NA,NA,NA
"1421",2,1,1.52,5319.2377054165,5319.2377054165,0.5894
"1422",2,2,1.52,NA,NA,NA
"1423",2,3,1.52,NA,NA,NA
"1424",2,4,1.52,NA,NA,NA
"1425",2,5,1.52,NA,NA,NA
"1426",2,6,1.52,NA,NA,NA
"1427",2,7,1.52,NA,NA,NA
"1428",2,8,1.52,NA,NA,NA
"1429",2,9,1.52,NA,NA,NA
"1430",2,10,1.52,NA,NA,NA
"1431",2,1,1.53,5317.30857456593,5317.30857456593,0.601
"1432",2,2,1.53,NA,NA,NA
"1433",2,3,1.53,NA,NA,NA
"1434",2,4,1.53,NA,NA,NA
"1435",2,5,1.53,NA,NA,NA
"1436",2,6,1.53,NA,NA,NA
"1437",2,7,1.53,NA,NA,NA
"1438",2,8,1.53,NA,NA,NA
"1439",2,9,1.53,NA,NA,NA
"1440",2,10,1.53,NA,NA,NA
"1441",2,1,1.54,5492.7001161503,5492.7001161503,0.5942
"1442",2,2,1.54,NA,NA,NA
"1443",2,3,1.54,NA,NA,NA
"1444",2,4,1.54,NA,NA,NA
"1445",2,5,1.54,NA,NA,NA
"1446",2,6,1.54,NA,NA,NA
"1447",2,7,1.54,NA,NA,NA
"1448",2,8,1.54,NA,NA,NA
"1449",2,9,1.54,NA,NA,NA
"1450",2,10,1.54,NA,NA,NA
"1451",2,1,1.55,4757.97954096529,4757.97954096529,0.5751
"1452",2,2,1.55,NA,NA,NA
"1453",2,3,1.55,NA,NA,NA
"1454",2,4,1.55,NA,NA,NA
"1455",2,5,1.55,NA,NA,NA
"1456",2,6,1.55,NA,NA,NA
"1457",2,7,1.55,NA,NA,NA
"1458",2,8,1.55,NA,NA,NA
"1459",2,9,1.55,NA,NA,NA
"1460",2,10,1.55,NA,NA,NA
"1461",2,1,1.56,5196.63019354772,5196.63019354772,0.5649
"1462",2,2,1.56,NA,NA,NA
"1463",2,3,1.56,NA,NA,NA
"1464",2,4,1.56,NA,NA,NA
"1465",2,5,1.56,NA,NA,NA
"1466",2,6,1.56,NA,NA,NA
"1467",2,7,1.56,NA,NA,NA
"1468",2,8,1.56,NA,NA,NA
"1469",2,9,1.56,NA,NA,NA
"1470",2,10,1.56,NA,NA,NA
"1471",2,1,1.57,5156.39134643088,5156.39134643088,0.5625
"1472",2,2,1.57,NA,NA,NA
"1473",2,3,1.57,NA,NA,NA
"1474",2,4,1.57,NA,NA,NA
"1475",2,5,1.57,NA,NA,NA
"1476",2,6,1.57,NA,NA,NA
"1477",2,7,1.57,NA,NA,NA
"1478",2,8,1.57,NA,NA,NA
"1479",2,9,1.57,NA,NA,NA
"1480",2,10,1.57,NA,NA,NA
"1481",2,1,1.58,5397.53087765889,5397.53087765889,0.5606
"1482",2,2,1.58,NA,NA,NA
"1483",2,3,1.58,NA,NA,NA
"1484",2,4,1.58,NA,NA,NA
"1485",2,5,1.58,NA,NA,NA
"1486",2,6,1.58,NA,NA,NA
"1487",2,7,1.58,NA,NA,NA
"1488",2,8,1.58,NA,NA,NA
"1489",2,9,1.58,NA,NA,NA
"1490",2,10,1.58,NA,NA,NA
"1491",2,1,1.59,5271.75144523171,5271.75144523171,0.5565
"1492",2,2,1.59,NA,NA,NA
"1493",2,3,1.59,NA,NA,NA
"1494",2,4,1.59,NA,NA,NA
"1495",2,5,1.59,NA,NA,NA
"1496",2,6,1.59,NA,NA,NA
"1497",2,7,1.59,NA,NA,NA
"1498",2,8,1.59,NA,NA,NA
"1499",2,9,1.59,NA,NA,NA
"1500",2,10,1.59,NA,NA,NA
"1501",2,1,1.6,NA,NA,NA
"1502",2,2,1.6,NA,NA,NA
"1503",2,3,1.6,NA,NA,NA
"1504",2,4,1.6,NA,NA,NA
"1505",2,5,1.6,NA,NA,NA
"1506",2,6,1.6,NA,NA,NA
"1507",2,7,1.6,NA,NA,NA
"1508",2,8,1.6,NA,NA,NA
"1509",2,9,1.6,NA,NA,NA
"1510",2,10,1.6,NA,NA,NA
"1511",2,1,1.61,NA,NA,NA
"1512",2,2,1.61,NA,NA,NA
"1513",2,3,1.61,NA,NA,NA
"1514",2,4,1.61,NA,NA,NA
"1515",2,5,1.61,NA,NA,NA
"1516",2,6,1.61,NA,NA,NA
"1517",2,7,1.61,NA,NA,NA
"1518",2,8,1.61,NA,NA,NA
"1519",2,9,1.61,NA,NA,NA
"1520",2,10,1.61,NA,NA,NA
"1521",2,1,1.62,NA,NA,NA
"1522",2,2,1.62,NA,NA,NA
"1523",2,3,1.62,NA,NA,NA
"1524",2,4,1.62,NA,NA,NA
"1525",2,5,1.62,NA,NA,NA
"1526",2,6,1.62,NA,NA,NA
"1527",2,7,1.62,NA,NA,NA
"1528",2,8,1.62,NA,NA,NA
"1529",2,9,1.62,NA,NA,NA
"1530",2,10,1.62,NA,NA,NA
"1531",2,1,1.63,NA,NA,NA
"1532",2,2,1.63,NA,NA,NA
"1533",2,3,1.63,NA,NA,NA
"1534",2,4,1.63,NA,NA,NA
"1535",2,5,1.63,NA,NA,NA
"1536",2,6,1.63,NA,NA,NA
"1537",2,7,1.63,NA,NA,NA
"1538",2,8,1.63,NA,NA,NA
"1539",2,9,1.63,NA,NA,NA
"1540",2,10,1.63,NA,NA,NA
"1541",2,1,1.64,NA,NA,NA
"1542",2,2,1.64,NA,NA,NA
"1543",2,3,1.64,NA,NA,NA
"1544",2,4,1.64,NA,NA,NA
"1545",2,5,1.64,NA,NA,NA
"1546",2,6,1.64,NA,NA,NA
"1547",2,7,1.64,NA,NA,NA
"1548",2,8,1.64,NA,NA,NA
"1549",2,9,1.64,NA,NA,NA
"1550",2,10,1.64,NA,NA,NA
"1551",2,1,1.65,NA,NA,NA
"1552",2,2,1.65,NA,NA,NA
"1553",2,3,1.65,NA,NA,NA
"1554",2,4,1.65,NA,NA,NA
"1555",2,5,1.65,NA,NA,NA
"1556",2,6,1.65,NA,NA,NA
"1557",2,7,1.65,NA,NA,NA
"1558",2,8,1.65,NA,NA,NA
"1559",2,9,1.65,NA,NA,NA
"1560",2,10,1.65,NA,NA,NA
"1561",2,1,1.66,NA,NA,NA
"1562",2,2,1.66,NA,NA,NA
"1563",2,3,1.66,NA,NA,NA
"1564",2,4,1.66,NA,NA,NA
"1565",2,5,1.66,NA,NA,NA
"1566",2,6,1.66,NA,NA,NA
"1567",2,7,1.66,NA,NA,NA
"1568",2,8,1.66,NA,NA,NA
"1569",2,9,1.66,NA,NA,NA
"1570",2,10,1.66,NA,NA,NA
"1571",2,1,1.67,NA,NA,NA
"1572",2,2,1.67,NA,NA,NA
"1573",2,3,1.67,NA,NA,NA
"1574",2,4,1.67,NA,NA,NA
"1575",2,5,1.67,NA,NA,NA
"1576",2,6,1.67,NA,NA,NA
"1577",2,7,1.67,NA,NA,NA
"1578",2,8,1.67,NA,NA,NA
"1579",2,9,1.67,NA,NA,NA
"1580",2,10,1.67,NA,NA,NA
"1581",2,1,1.68,NA,NA,NA
"1582",2,2,1.68,NA,NA,NA
"1583",2,3,1.68,NA,NA,NA
"1584",2,4,1.68,NA,NA,NA
"1585",2,5,1.68,NA,NA,NA
"1586",2,6,1.68,NA,NA,NA
"1587",2,7,1.68,NA,NA,NA
"1588",2,8,1.68,NA,NA,NA
"1589",2,9,1.68,NA,NA,NA
"1590",2,10,1.68,NA,NA,NA
"1591",2,1,1.69,NA,NA,NA
"1592",2,2,1.69,NA,NA,NA
"1593",2,3,1.69,NA,NA,NA
"1594",2,4,1.69,NA,NA,NA
"1595",2,5,1.69,NA,NA,NA
"1596",2,6,1.69,NA,NA,NA
"1597",2,7,1.69,NA,NA,NA
"1598",2,8,1.69,NA,NA,NA
"1599",2,9,1.69,NA,NA,NA
"1600",2,10,1.69,NA,NA,NA
"1601",2,1,1.7,NA,NA,NA
"1602",2,2,1.7,NA,NA,NA
"1603",2,3,1.7,NA,NA,NA
"1604",2,4,1.7,NA,NA,NA
"1605",2,5,1.7,NA,NA,NA
"1606",2,6,1.7,NA,NA,NA
"1607",2,7,1.7,NA,NA,NA
"1608",2,8,1.7,NA,NA,NA
"1609",2,9,1.7,NA,NA,NA
"1610",2,10,1.7,NA,NA,NA
"1611",2,1,1.71,NA,NA,NA
"1612",2,2,1.71,NA,NA,NA
"1613",2,3,1.71,NA,NA,NA
"1614",2,4,1.71,NA,NA,NA
"1615",2,5,1.71,NA,NA,NA
"1616",2,6,1.71,NA,NA,NA
"1617",2,7,1.71,NA,NA,NA
"1618",2,8,1.71,NA,NA,NA
"1619",2,9,1.71,NA,NA,NA
"1620",2,10,1.71,NA,NA,NA
"1621",2,1,1.72,NA,NA,NA
"1622",2,2,1.72,NA,NA,NA
"1623",2,3,1.72,NA,NA,NA
"1624",2,4,1.72,NA,NA,NA
"1625",2,5,1.72,NA,NA,NA
"1626",2,6,1.72,NA,NA,NA
"1627",2,7,1.72,NA,NA,NA
"1628",2,8,1.72,NA,NA,NA
"1629",2,9,1.72,NA,NA,NA
"1630",2,10,1.72,NA,NA,NA
"1631",2,1,1.73,NA,NA,NA
"1632",2,2,1.73,NA,NA,NA
"1633",2,3,1.73,NA,NA,NA
"1634",2,4,1.73,NA,NA,NA
"1635",2,5,1.73,NA,NA,NA
"1636",2,6,1.73,NA,NA,NA
"1637",2,7,1.73,NA,NA,NA
"1638",2,8,1.73,NA,NA,NA
"1639",2,9,1.73,NA,NA,NA
"1640",2,10,1.73,NA,NA,NA
"1641",2,1,1.74,NA,NA,NA
"1642",2,2,1.74,NA,NA,NA
"1643",2,3,1.74,NA,NA,NA
"1644",2,4,1.74,NA,NA,NA
"1645",2,5,1.74,NA,NA,NA
"1646",2,6,1.74,NA,NA,NA
"1647",2,7,1.74,NA,NA,NA
"1648",2,8,1.74,NA,NA,NA
"1649",2,9,1.74,NA,NA,NA
"1650",2,10,1.74,NA,NA,NA
"1651",2,1,1.75,NA,NA,NA
"1652",2,2,1.75,NA,NA,NA
"1653",2,3,1.75,NA,NA,NA
"1654",2,4,1.75,NA,NA,NA
"1655",2,5,1.75,NA,NA,NA
"1656",2,6,1.75,NA,NA,NA
"1657",2,7,1.75,NA,NA,NA
"1658",2,8,1.75,NA,NA,NA
"1659",2,9,1.75,NA,NA,NA
"1660",2,10,1.75,NA,NA,NA
"1661",2,1,1.76,NA,NA,NA
"1662",2,2,1.76,NA,NA,NA
"1663",2,3,1.76,NA,NA,NA
"1664",2,4,1.76,NA,NA,NA
"1665",2,5,1.76,NA,NA,NA
"1666",2,6,1.76,NA,NA,NA
"1667",2,7,1.76,NA,NA,NA
"1668",2,8,1.76,NA,NA,NA
"1669",2,9,1.76,NA,NA,NA
"1670",2,10,1.76,NA,NA,NA
"1671",2,1,1.77,NA,NA,NA
"1672",2,2,1.77,NA,NA,NA
"1673",2,3,1.77,NA,NA,NA
"1674",2,4,1.77,NA,NA,NA
"1675",2,5,1.77,NA,NA,NA
"1676",2,6,1.77,NA,NA,NA
"1677",2,7,1.77,NA,NA,NA
"1678",2,8,1.77,NA,NA,NA
"1679",2,9,1.77,NA,NA,NA
"1680",2,10,1.77,NA,NA,NA
"1681",2,1,1.78,NA,NA,NA
"1682",2,2,1.78,NA,NA,NA
"1683",2,3,1.78,NA,NA,NA
"1684",2,4,1.78,NA,NA,NA
"1685",2,5,1.78,NA,NA,NA
"1686",2,6,1.78,NA,NA,NA
"1687",2,7,1.78,NA,NA,NA
"1688",2,8,1.78,NA,NA,NA
"1689",2,9,1.78,NA,NA,NA
"1690",2,10,1.78,NA,NA,NA
"1691",2,1,1.79,NA,NA,NA
"1692",2,2,1.79,NA,NA,NA
"1693",2,3,1.79,NA,NA,NA
"1694",2,4,1.79,NA,NA,NA
"1695",2,5,1.79,NA,NA,NA
"1696",2,6,1.79,NA,NA,NA
"1697",2,7,1.79,NA,NA,NA
"1698",2,8,1.79,NA,NA,NA
"1699",2,9,1.79,NA,NA,NA
"1700",2,10,1.79,NA,NA,NA
"1701",2,1,1.8,NA,NA,NA
"1702",2,2,1.8,NA,NA,NA
"1703",2,3,1.8,NA,NA,NA
"1704",2,4,1.8,NA,NA,NA
"1705",2,5,1.8,NA,NA,NA
"1706",2,6,1.8,NA,NA,NA
"1707",2,7,1.8,NA,NA,NA
"1708",2,8,1.8,NA,NA,NA
"1709",2,9,1.8,NA,NA,NA
"1710",2,10,1.8,NA,NA,NA
"1711",2,1,1.81,NA,NA,NA
"1712",2,2,1.81,NA,NA,NA
"1713",2,3,1.81,NA,NA,NA
"1714",2,4,1.81,NA,NA,NA
"1715",2,5,1.81,NA,NA,NA
"1716",2,6,1.81,NA,NA,NA
"1717",2,7,1.81,NA,NA,NA
"1718",2,8,1.81,NA,NA,NA
"1719",2,9,1.81,NA,NA,NA
"1720",2,10,1.81,NA,NA,NA
"1721",2,1,1.82,NA,NA,NA
"1722",2,2,1.82,NA,NA,NA
"1723",2,3,1.82,NA,NA,NA
"1724",2,4,1.82,NA,NA,NA
"1725",2,5,1.82,NA,NA,NA
"1726",2,6,1.82,NA,NA,NA
"1727",2,7,1.82,NA,NA,NA
"1728",2,8,1.82,NA,NA,NA
"1729",2,9,1.82,NA,NA,NA
"1730",2,10,1.82,NA,NA,NA
"1731",2,1,1.83,NA,NA,NA
"1732",2,2,1.83,NA,NA,NA
"1733",2,3,1.83,NA,NA,NA
"1734",2,4,1.83,NA,NA,NA
"1735",2,5,1.83,NA,NA,NA
"1736",2,6,1.83,NA,NA,NA
"1737",2,7,1.83,NA,NA,NA
"1738",2,8,1.83,NA,NA,NA
"1739",2,9,1.83,NA,NA,NA
"1740",2,10,1.83,NA,NA,NA
"1741",2,1,1.84,NA,NA,NA
"1742",2,2,1.84,NA,NA,NA
"1743",2,3,1.84,NA,NA,NA
"1744",2,4,1.84,NA,NA,NA
"1745",2,5,1.84,NA,NA,NA
"1746",2,6,1.84,NA,NA,NA
"1747",2,7,1.84,NA,NA,NA
"1748",2,8,1.84,NA,NA,NA
"1749",2,9,1.84,NA,NA,NA
"1750",2,10,1.84,NA,NA,NA
"1751",2,1,1.85,NA,NA,NA
"1752",2,2,1.85,NA,NA,NA
"1753",2,3,1.85,NA,NA,NA
"1754",2,4,1.85,NA,NA,NA
"1755",2,5,1.85,NA,NA,NA
"1756",2,6,1.85,NA,NA,NA
"1757",2,7,1.85,NA,NA,NA
"1758",2,8,1.85,NA,NA,NA
"1759",2,9,1.85,NA,NA,NA
"1760",2,10,1.85,NA,NA,NA
"1761",2,1,1.86,NA,NA,NA
"1762",2,2,1.86,NA,NA,NA
"1763",2,3,1.86,NA,NA,NA
"1764",2,4,1.86,NA,NA,NA
"1765",2,5,1.86,NA,NA,NA
"1766",2,6,1.86,NA,NA,NA
"1767",2,7,1.86,NA,NA,NA
"1768",2,8,1.86,NA,NA,NA
"1769",2,9,1.86,NA,NA,NA
"1770",2,10,1.86,NA,NA,NA
"1771",2,1,1.87,NA,NA,NA
"1772",2,2,1.87,NA,NA,NA
"1773",2,3,1.87,NA,NA,NA
"1774",2,4,1.87,NA,NA,NA
"1775",2,5,1.87,NA,NA,NA
"1776",2,6,1.87,NA,NA,NA
"1777",2,7,1.87,NA,NA,NA
"1778",2,8,1.87,NA,NA,NA
"1779",2,9,1.87,NA,NA,NA
"1780",2,10,1.87,NA,NA,NA
"1781",2,1,1.88,NA,NA,NA
"1782",2,2,1.88,NA,NA,NA
"1783",2,3,1.88,NA,NA,NA
"1784",2,4,1.88,NA,NA,NA
"1785",2,5,1.88,NA,NA,NA
"1786",2,6,1.88,NA,NA,NA
"1787",2,7,1.88,NA,NA,NA
"1788",2,8,1.88,NA,NA,NA
"1789",2,9,1.88,NA,NA,NA
"1790",2,10,1.88,NA,NA,NA
"1791",2,1,1.89,NA,NA,NA
"1792",2,2,1.89,NA,NA,NA
"1793",2,3,1.89,NA,NA,NA
"1794",2,4,1.89,NA,NA,NA
"1795",2,5,1.89,NA,NA,NA
"1796",2,6,1.89,NA,NA,NA
"1797",2,7,1.89,NA,NA,NA
"1798",2,8,1.89,NA,NA,NA
"1799",2,9,1.89,NA,NA,NA
"1800",2,10,1.89,NA,NA,NA
"1801",2,1,1.9,NA,NA,NA
"1802",2,2,1.9,NA,NA,NA
"1803",2,3,1.9,NA,NA,NA
"1804",2,4,1.9,NA,NA,NA
"1805",2,5,1.9,NA,NA,NA
"1806",2,6,1.9,NA,NA,NA
"1807",2,7,1.9,NA,NA,NA
"1808",2,8,1.9,NA,NA,NA
"1809",2,9,1.9,NA,NA,NA
"1810",2,10,1.9,NA,NA,NA
"1811",2,1,1.91,NA,NA,NA
"1812",2,2,1.91,NA,NA,NA
"1813",2,3,1.91,NA,NA,NA
"1814",2,4,1.91,NA,NA,NA
"1815",2,5,1.91,NA,NA,NA
"1816",2,6,1.91,NA,NA,NA
"1817",2,7,1.91,NA,NA,NA
"1818",2,8,1.91,NA,NA,NA
"1819",2,9,1.91,NA,NA,NA
"1820",2,10,1.91,NA,NA,NA
"1821",2,1,1.92,NA,NA,NA
"1822",2,2,1.92,NA,NA,NA
"1823",2,3,1.92,NA,NA,NA
"1824",2,4,1.92,NA,NA,NA
"1825",2,5,1.92,NA,NA,NA
"1826",2,6,1.92,NA,NA,NA
"1827",2,7,1.92,NA,NA,NA
"1828",2,8,1.92,NA,NA,NA
"1829",2,9,1.92,NA,NA,NA
"1830",2,10,1.92,NA,NA,NA
"1831",2,1,1.93,NA,NA,NA
"1832",2,2,1.93,NA,NA,NA
"1833",2,3,1.93,NA,NA,NA
"1834",2,4,1.93,NA,NA,NA
"1835",2,5,1.93,NA,NA,NA
"1836",2,6,1.93,NA,NA,NA
"1837",2,7,1.93,NA,NA,NA
"1838",2,8,1.93,NA,NA,NA
"1839",2,9,1.93,NA,NA,NA
"1840",2,10,1.93,NA,NA,NA
"1841",2,1,1.94,NA,NA,NA
"1842",2,2,1.94,NA,NA,NA
"1843",2,3,1.94,NA,NA,NA
"1844",2,4,1.94,NA,NA,NA
"1845",2,5,1.94,NA,NA,NA
"1846",2,6,1.94,NA,NA,NA
"1847",2,7,1.94,NA,NA,NA
"1848",2,8,1.94,NA,NA,NA
"1849",2,9,1.94,NA,NA,NA
"1850",2,10,1.94,NA,NA,NA
"1851",2,1,1.95,NA,NA,NA
"1852",2,2,1.95,NA,NA,NA
"1853",2,3,1.95,NA,NA,NA
"1854",2,4,1.95,NA,NA,NA
"1855",2,5,1.95,NA,NA,NA
"1856",2,6,1.95,NA,NA,NA
"1857",2,7,1.95,NA,NA,NA
"1858",2,8,1.95,NA,NA,NA
"1859",2,9,1.95,NA,NA,NA
"1860",2,10,1.95,NA,NA,NA
"1861",2,1,1.96,NA,NA,NA
"1862",2,2,1.96,NA,NA,NA
"1863",2,3,1.96,NA,NA,NA
"1864",2,4,1.96,NA,NA,NA
"1865",2,5,1.96,NA,NA,NA
"1866",2,6,1.96,NA,NA,NA
"1867",2,7,1.96,NA,NA,NA
"1868",2,8,1.96,NA,NA,NA
"1869",2,9,1.96,NA,NA,NA
"1870",2,10,1.96,NA,NA,NA
"1871",2,1,1.97,NA,NA,NA
"1872",2,2,1.97,NA,NA,NA
"1873",2,3,1.97,NA,NA,NA
"1874",2,4,1.97,NA,NA,NA
"1875",2,5,1.97,NA,NA,NA
"1876",2,6,1.97,NA,NA,NA
"1877",2,7,1.97,NA,NA,NA
"1878",2,8,1.97,NA,NA,NA
"1879",2,9,1.97,NA,NA,NA
"1880",2,10,1.97,NA,NA,NA
"1881",2,1,1.98,NA,NA,NA
"1882",2,2,1.98,NA,NA,NA
"1883",2,3,1.98,NA,NA,NA
"1884",2,4,1.98,NA,NA,NA
"1885",2,5,1.98,NA,NA,NA
"1886",2,6,1.98,NA,NA,NA
"1887",2,7,1.98,NA,NA,NA
"1888",2,8,1.98,NA,NA,NA
"1889",2,9,1.98,NA,NA,NA
"1890",2,10,1.98,NA,NA,NA
"1891",2,1,1.99,NA,NA,NA
"1892",2,2,1.99,NA,NA,NA
"1893",2,3,1.99,NA,NA,NA
"1894",2,4,1.99,NA,NA,NA
"1895",2,5,1.99,NA,NA,NA
"1896",2,6,1.99,NA,NA,NA
"1897",2,7,1.99,NA,NA,NA
"1898",2,8,1.99,NA,NA,NA
"1899",2,9,1.99,NA,NA,NA
"1900",2,10,1.99,NA,NA,NA
"1901",2,1,2,NA,NA,NA
"1902",2,2,2,NA,NA,NA
"1903",2,3,2,NA,NA,NA
"1904",2,4,2,NA,NA,NA
"1905",2,5,2,NA,NA,NA
"1906",2,6,2,NA,NA,NA
"1907",2,7,2,NA,NA,NA
"1908",2,8,2,NA,NA,NA
"1909",2,9,2,NA,NA,NA
"1910",2,10,2,NA,NA,NA
