"","X","Dimension","L","Stepsize","ESS","ESS.L","AR"
"1",1,2,1,2.5,37.5609027897151,37.5609027897151,0.0315
"2",2,2,2,1.25,916.161635660867,458.080817830433,0.2132
"3",3,2,3,0.833333333333333,3398.08661813043,1132.69553937681,0.7039
"4",4,2,4,0.625,4853.09390840773,1213.27347710193,0.8439
"5",5,2,5,0.5,5200.55696705398,1040.1113934108,0.9203
"6",6,2,6,0.416666666666667,4966.4130392944,827.735506549067,0.9445
"7",7,2,7,0.357142857142857,5241.71688696632,748.816698138046,0.962
"8",8,2,8,0.3125,5374.26012292964,671.782515366205,0.9717
"9",9,2,9,0.277777777777778,5502.118621631,611.346513514556,0.9785
"10",10,2,10,0.25,5186.39658187257,518.639658187257,0.9819
"11",11,2,11,0.227272727272727,5305.22220304488,482.292927549534,0.9856
"12",12,2,12,0.208333333333333,5939.79066526411,494.982555438676,0.9879
"13",13,2,13,0.192307692307692,5623.56602147303,432.582001651772,0.9885
"14",14,2,14,0.178571428571429,5816.52878977796,415.466342126997,0.9921
"15",15,2,15,0.166666666666667,5791.65879446057,386.110586297371,0.9924
"16",16,2,16,0.15625,5627.14953674863,351.696846046789,0.9934
"17",17,2,17,0.147058823529412,5303.30148132673,311.958910666278,0.9936
"18",18,2,18,0.138888888888889,5381.62014436668,298.97889690926,0.9947
"19",19,2,19,0.131578947368421,5619.34105085774,295.754792150407,0.9955
"20",20,2,20,0.125,5285.97036026719,264.298518013359,0.9936
"21",21,4,1,2.5,3.9690206359427,3.9690206359427,0.0012
"22",22,4,2,1.25,260.657130063167,130.328565031583,0.0716
"23",23,4,3,0.833333333333333,2249.47546778562,749.82515592854,0.5272
"24",24,4,4,0.625,3643.97234125748,910.993085314369,0.7633
"25",25,4,5,0.5,4819.52277446605,963.90455489321,0.8634
"26",26,4,6,0.416666666666667,4698.06405241272,783.010675402119,0.9143
"27",27,4,7,0.357142857142857,4655.18564029439,665.026520042056,0.9426
"28",28,4,8,0.3125,5559.00194553802,694.875243192253,0.955
"29",29,4,9,0.277777777777778,5358.23661451887,595.35962383543,0.965
"30",30,4,10,0.25,4186.50089624037,418.650089624037,0.9744
"31",31,4,11,0.227272727272727,4814.30208795172,437.663826177429,0.9769
"32",32,4,12,0.208333333333333,5024.1559409573,418.679661746442,0.9815
"33",33,4,13,0.192307692307692,5315.90376991203,408.915674608618,0.9852
"34",34,4,14,0.178571428571429,5043.04394009091,360.217424292208,0.9868
"35",35,4,15,0.166666666666667,5609.19028596,373.946019064,0.9891
"36",36,4,16,0.15625,4974.02766506382,310.876729066489,0.99
"37",37,4,17,0.147058823529412,5144.61303235609,302.624296020946,0.9902
"38",38,4,18,0.138888888888889,5769.71435096539,320.539686164744,0.9934
"39",39,4,19,0.131578947368421,5250.47489556205,276.34078397695,0.9939
"40",40,4,20,0.125,5314.87243471388,265.743621735694,0.9923
"41",41,10,1,2.5,0,0,0
"42",42,10,2,1.25,6.13908699763396,3.06954349881698,0.0035
"43",43,10,3,0.833333333333333,982.285095491568,327.428365163856,0.2638
"44",44,10,4,0.625,2220.15257155212,555.038142888031,0.6032
"45",45,10,5,0.5,3470.86070667546,694.172141335092,0.7705
"46",46,10,6,0.416666666666667,4312.16272334437,718.693787224061,0.8593
"47",47,10,7,0.357142857142857,4595.48135163065,656.497335947235,0.9051
"48",48,10,8,0.3125,4855.81875902316,606.977344877895,0.9292
"49",49,10,9,0.277777777777778,4738.27194968656,526.474661076284,0.945
"50",50,10,10,0.25,4743.38163985314,474.338163985314,0.9593
"51",51,10,11,0.227272727272727,4928.84174614742,448.076522377038,0.9633
"52",52,10,12,0.208333333333333,5054.43435535896,421.20286294658,0.9678
"53",53,10,13,0.192307692307692,4129.77339590421,317.674876608016,0.9744
"54",54,10,14,0.178571428571429,5062.26655849655,361.590468464039,0.9761
"55",55,10,15,0.166666666666667,4961.69936306616,330.779957537744,0.9821
"56",56,10,16,0.15625,5205.98128910331,325.373830568957,0.9838
"57",57,10,17,0.147058823529412,5326.46862157361,313.321683621977,0.9829
"58",58,10,18,0.138888888888889,5086.16882660825,282.56493481157,0.9871
"59",59,10,19,0.131578947368421,5193.73871932147,273.354669437972,0.9885
"60",60,10,20,0.125,4598.72543565168,229.936271782584,0.9884
"61",61,50,1,2.5,0,0,0
"62",62,50,2,1.25,0,0,0
"63",63,50,3,0.833333333333333,20.1877201378067,6.72924004593556,0.0081
"64",64,50,4,0.625,476.099453440729,119.024863360182,0.2243
"65",65,50,5,0.5,1696.24732767999,339.249465535998,0.5028
"66",66,50,6,0.416666666666667,2422.41083597564,403.735139329274,0.672
"67",67,50,7,0.357142857142857,3129.29239376822,447.041770538317,0.7745
"68",68,50,8,0.3125,3532.49042338083,441.561302922603,0.8347
"69",69,50,9,0.277777777777778,3874.55628278209,430.506253642455,0.877
"70",70,50,10,0.25,4059.04795886034,405.904795886034,0.8996
"71",71,50,11,0.227272727272727,4061.01737388437,369.183397625852,0.9147
"72",72,50,12,0.208333333333333,4185.31072421768,348.775893684807,0.93
"73",73,50,13,0.192307692307692,4358.65332851608,335.281025270467,0.9376
"74",74,50,14,0.178571428571429,4378.33313932429,312.738081380307,0.9459
"75",75,50,15,0.166666666666667,4267.1869717202,284.479131448013,0.953
"76",76,50,16,0.15625,4732.26971345491,295.766857090932,0.9586
"77",77,50,17,0.147058823529412,4748.22003381233,279.30706081249,0.9644
"78",78,50,18,0.138888888888889,4949.73457758442,274.985254310246,0.9699
"79",79,50,19,0.131578947368421,4698.80205231235,247.305371174334,0.9719
"80",80,50,20,0.125,4738.63758856653,236.931879428326,0.9766
"81",81,100,1,2.5,0,0,0
"82",82,100,2,1.25,0,0,0
"83",83,100,3,0.833333333333333,0,0,0
"84",84,100,4,0.625,116.337189652949,29.0842974132373,0.0777
"85",85,100,5,0.5,754.985869560598,150.99717391212,0.3183
"86",86,100,6,0.416666666666667,1382.35471734336,230.392452890559,0.5478
"87",87,100,7,0.357142857142857,2466.16883221698,352.309833173855,0.6925
"88",88,100,8,0.3125,2746.56381570262,343.320476962827,0.7604
"89",89,100,9,0.277777777777778,3367.92786853905,374.21420761545,0.8183
"90",90,100,10,0.25,3438.55293040587,343.855293040587,0.8609
"91",91,100,11,0.227272727272727,4037.59212398836,367.053829453487,0.8803
"92",92,100,12,0.208333333333333,3821.64447048336,318.47037254028,0.8974
"93",93,100,13,0.192307692307692,4332.55014480001,333.273088061539,0.9173
"94",94,100,14,0.178571428571429,4278.53323655052,305.609516896466,0.9251
"95",95,100,15,0.166666666666667,4227.77168211896,281.851445474597,0.9328
"96",96,100,16,0.15625,4499.88513954817,281.242821221761,0.9416
"97",97,100,17,0.147058823529412,4480.06248079121,263.533087105365,0.9517
"98",98,100,18,0.138888888888889,4495.92466180745,249.773592322636,0.9537
"99",99,100,19,0.131578947368421,4634.27972614616,243.90945927085,0.9559
"100",100,100,20,0.125,4853.58874993211,242.679437496606,0.9625
"101",101,2,1,2.5,67.5877999638949,67.5877999638949,0.0307
"102",102,2,2,1.25,794.449602715646,397.224801357823,0.2228
"103",103,2,3,0.833333333333333,3323.58542546732,1107.86180848911,0.7016
"104",104,2,4,0.625,4271.83982970665,1067.95995742666,0.8466
"105",105,2,5,0.5,5406.6108869298,1081.32217738596,0.9128
"106",106,2,6,0.416666666666667,5125.12148478177,854.186914130295,0.9436
"107",107,2,7,0.357142857142857,5486.00791603662,783.715416576661,0.9627
"108",108,2,8,0.3125,5609.3700435974,701.171255449675,0.9708
"109",109,2,9,0.277777777777778,5469.64580934255,607.738423260284,0.9803
"110",110,2,10,0.25,5942.56579886869,594.256579886869,0.982
"111",111,2,11,0.227272727272727,5926.575316412,538.779574219272,0.9865
"112",112,2,12,0.208333333333333,5383.81491016696,448.651242513913,0.986
"113",113,2,13,0.192307692307692,4841.11381048299,372.393370037153,0.9912
"114",114,2,14,0.178571428571429,5390.44001434126,385.031429595805,0.9931
"115",115,2,15,0.166666666666667,5500.07887501209,366.671925000806,0.9924
"116",116,2,16,0.15625,5991.62909398382,374.476818373989,0.9926
"117",117,2,17,0.147058823529412,5286.8240085036,310.989647559035,0.9943
"118",118,2,18,0.138888888888889,5568.66353046718,309.370196137065,0.9949
"119",119,2,19,0.131578947368421,5296.20826750118,278.747803552694,0.995
"120",120,2,20,0.125,5848.82073512451,292.441036756226,0.9973
"121",121,4,1,2.5,0,0,0
"122",122,4,2,1.25,213.373536161323,106.686768080661,0.0773
"123",123,4,3,0.833333333333333,2320.23276562193,773.410921873977,0.5438
"124",124,4,4,0.625,3656.26411618709,914.066029046772,0.7581
"125",125,4,5,0.5,4481.90642365458,896.381284730917,0.8686
"126",126,4,6,0.416666666666667,5151.13138044104,858.521896740173,0.9196
"127",127,4,7,0.357142857142857,5125.33174716514,732.19024959502,0.9396
"128",128,4,8,0.3125,5233.23998924797,654.154998655996,0.9597
"129",129,4,9,0.277777777777778,5395.70183055305,599.522425617006,0.9644
"130",130,4,10,0.25,5712.56886132032,571.256886132032,0.9719
"131",131,4,11,0.227272727272727,5252.48789289836,477.498899354396,0.9781
"132",132,4,12,0.208333333333333,5892.77338313831,491.064448594859,0.9789
"133",133,4,13,0.192307692307692,5571.12630430643,428.54817725434,0.9843
"134",134,4,14,0.178571428571429,5426.57382030619,387.612415736156,0.987
"135",135,4,15,0.166666666666667,5196.38537798274,346.425691865516,0.9883
"136",136,4,16,0.15625,5044.07998502349,315.254999063968,0.9908
"137",137,4,17,0.147058823529412,5188.40548575777,305.200322691634,0.9912
"138",138,4,18,0.138888888888889,5269.94567560726,292.774759755959,0.9908
"139",139,4,19,0.131578947368421,5622.75259120062,295.934346905296,0.9927
"140",140,4,20,0.125,5017.6731663586,250.88365831793,0.9915
"141",141,10,1,2.5,0,0,0
"142",142,10,2,1.25,2.80629043992599,1.40314521996299,0.0034
"143",143,10,3,0.833333333333333,878.071822261682,292.690607420561,0.2586
"144",144,10,4,0.625,2478.49635161324,619.624087903309,0.6067
"145",145,10,5,0.5,3758.72175970602,751.744351941203,0.7762
"146",146,10,6,0.416666666666667,3974.05808489625,662.343014149376,0.8537
"147",147,10,7,0.357142857142857,4365.66045771075,623.665779672965,0.9013
"148",148,10,8,0.3125,4839.30176766081,604.912720957601,0.9275
"149",149,10,9,0.277777777777778,4746.85312149304,527.428124610338,0.9447
"150",150,10,10,0.25,4556.17675107062,455.617675107062,0.9567
"151",151,10,11,0.227272727272727,4602.51339851177,418.410308955615,0.9618
"152",152,10,12,0.208333333333333,4964.61731237994,413.718109364995,0.9667
"153",153,10,13,0.192307692307692,4283.75435169265,329.519565514819,0.9749
"154",154,10,14,0.178571428571429,5302.18373510562,378.727409650401,0.9786
"155",155,10,15,0.166666666666667,4798.88309479473,319.925539652982,0.9826
"156",156,10,16,0.15625,5363.22163836989,335.201352398118,0.9827
"157",157,10,17,0.147058823529412,5140.28459287292,302.369681933701,0.9864
"158",158,10,18,0.138888888888889,5234.86530106791,290.825850059328,0.9874
"159",159,10,19,0.131578947368421,5188.66864940513,273.087823652902,0.9857
"160",160,10,20,0.125,5302.76237865083,265.138118932541,0.9898
"161",161,50,1,2.5,0,0,0
"162",162,50,2,1.25,0,0,0
"163",163,50,3,0.833333333333333,9.4725242445644,3.15750808152147,0.0053
"164",164,50,4,0.625,555.005879717063,138.751469929266,0.215
"165",165,50,5,0.5,1801.08188401009,360.216376802018,0.5026
"166",166,50,6,0.416666666666667,2736.75560850783,456.125934751305,0.6699
"167",167,50,7,0.357142857142857,3410.56559906417,487.223657009167,0.7759
"168",168,50,8,0.3125,3476.4457013669,434.555712670863,0.8386
"169",169,50,9,0.277777777777778,3729.89320562059,414.432578402288,0.866
"170",170,50,10,0.25,4089.3545130583,408.93545130583,0.8934
"171",171,50,11,0.227272727272727,4254.6086051415,386.782600467409,0.917
"172",172,50,12,0.208333333333333,4529.70511151246,377.475425959371,0.9255
"173",173,50,13,0.192307692307692,4474.81947113262,344.216882394817,0.9415
"174",174,50,14,0.178571428571429,4406.16961478583,314.726401056131,0.947
"175",175,50,15,0.166666666666667,4528.6249711718,301.908331411454,0.9542
"176",176,50,16,0.15625,4252.17769706453,265.761106066533,0.9596
"177",177,50,17,0.147058823529412,4778.38470446191,281.081453203642,0.964
"178",178,50,18,0.138888888888889,4475.1540680829,248.61967044905,0.9684
"179",179,50,19,0.131578947368421,4483.1156163991,235.953453494689,0.9741
"180",180,50,20,0.125,4752.4744142975,237.623720714875,0.975
"181",181,100,1,2.5,0,0,0
"182",182,100,2,1.25,0,0,0
"183",183,100,3,0.833333333333333,1.1893416648045,0.396447221601502,5e-04
"184",184,100,4,0.625,118.722836135738,29.6807090339346,0.0728
"185",185,100,5,0.5,745.996003818307,149.199200763661,0.3233
"186",186,100,6,0.416666666666667,1497.94661543331,249.657769238885,0.5536
"187",187,100,7,0.357142857142857,2391.6427745142,341.663253502028,0.6763
"188",188,100,8,0.3125,3145.96263181991,393.245328977488,0.7801
"189",189,100,9,0.277777777777778,3570.07267203052,396.674741336725,0.8198
"190",190,100,10,0.25,3737.33411166957,373.733411166957,0.8536
"191",191,100,11,0.227272727272727,3539.94338386645,321.81303489695,0.8805
"192",192,100,12,0.208333333333333,4262.1297825306,355.17748187755,0.8988
"193",193,100,13,0.192307692307692,4058.86998194071,312.220767841593,0.9143
"194",194,100,14,0.178571428571429,3887.58910301362,277.684935929544,0.929
"195",195,100,15,0.166666666666667,3832.36813033755,255.49120868917,0.9377
"196",196,100,16,0.15625,4568.61282252062,285.538301407539,0.9446
"197",197,100,17,0.147058823529412,4375.85012516384,257.40294853905,0.9487
"198",198,100,18,0.138888888888889,4704.91134414008,261.383963563338,0.9604
"199",199,100,19,0.131578947368421,4520.74032819827,237.933701484119,0.9614
"200",200,100,20,0.125,4509.989672431,225.49948362155,0.9633
"201",201,2,1,2.5,48.9089984602563,48.9089984602563,0.0246
"202",202,2,2,1.25,937.05838307015,468.529191535075,0.2183
"203",203,2,3,0.833333333333333,4082.64688077991,1360.8822935933,0.7033
"204",204,2,4,0.625,4692.15570112835,1173.03892528209,0.8547
"205",205,2,5,0.5,4929.47591391536,985.895182783072,0.9177
"206",206,2,6,0.416666666666667,5301.80500782381,883.634167970635,0.9498
"207",207,2,7,0.357142857142857,5113.7966031116,730.542371873086,0.9604
"208",208,2,8,0.3125,4837.05206481482,604.631508101853,0.9689
"209",209,2,9,0.277777777777778,5193.65325494397,577.072583882663,0.9798
"210",210,2,10,0.25,5612.97123920643,561.297123920643,0.9839
"211",211,2,11,0.227272727272727,5067.59989283967,460.690899349061,0.9875
"212",212,2,12,0.208333333333333,5977.90038309434,498.158365257862,0.9895
"213",213,2,13,0.192307692307692,5050.51759733088,388.501353640837,0.9911
"214",214,2,14,0.178571428571429,5882.05899525534,420.147071089667,0.9916
"215",215,2,15,0.166666666666667,5315.9955679078,354.399704527187,0.9928
"216",216,2,16,0.15625,5543.6702874936,346.47939296835,0.9931
"217",217,2,17,0.147058823529412,5331.97229274507,313.645428985004,0.9952
"218",218,2,18,0.138888888888889,5692.6273290596,316.257073836645,0.9946
"219",219,2,19,0.131578947368421,5507.9222466016,289.890644557979,0.9952
"220",220,2,20,0.125,5359.47692631218,267.973846315609,0.9957
"221",221,4,1,2.5,3.11204991145262,3.11204991145262,4e-04
"222",222,4,2,1.25,217.789425353473,108.894712676737,0.0758
"223",223,4,3,0.833333333333333,2362.5876289085,787.529209636167,0.5239
"224",224,4,4,0.625,3717.2598241475,929.314956036874,0.7587
"225",225,4,5,0.5,4393.57485777601,878.714971555201,0.8612
"226",226,4,6,0.416666666666667,4444.00676582671,740.667794304451,0.9194
"227",227,4,7,0.357142857142857,4399.30120583233,628.47160083319,0.9409
"228",228,4,8,0.3125,5166.0412262997,645.755153287463,0.9562
"229",229,4,9,0.277777777777778,5147.16274078943,571.906971198826,0.9645
"230",230,4,10,0.25,5135.25058604035,513.525058604035,0.9724
"231",231,4,11,0.227272727272727,5146.25732890267,467.841575354788,0.9793
"232",232,4,12,0.208333333333333,4861.59841415616,405.13320117968,0.9826
"233",233,4,13,0.192307692307692,5102.88399077466,392.529537751897,0.9838
"234",234,4,14,0.178571428571429,5323.31689357493,380.236920969638,0.9862
"235",235,4,15,0.166666666666667,5542.34118836025,369.48941255735,0.9881
"236",236,4,16,0.15625,5675.01116737137,354.688197960711,0.9908
"237",237,4,17,0.147058823529412,5598.46015777913,329.321185751714,0.9901
"238",238,4,18,0.138888888888889,5473.12166159081,304.062314532823,0.9917
"239",239,4,19,0.131578947368421,5092.14311183821,268.007532202011,0.9923
"240",240,4,20,0.125,5625.88288794917,281.294144397459,0.9936
"241",241,10,1,2.5,0,0,0
"242",242,10,2,1.25,24.1304437200184,12.0652218600092,0.0076
"243",243,10,3,0.833333333333333,920.758314990338,306.919438330113,0.2652
"244",244,10,4,0.625,2456.26036899753,614.065092249383,0.5935
"245",245,10,5,0.5,3414.61736963845,682.923473927689,0.779
"246",246,10,6,0.416666666666667,4091.78005471314,681.96334245219,0.8591
"247",247,10,7,0.357142857142857,4653.13788503487,664.733983576411,0.9029
"248",248,10,8,0.3125,4961.60171752737,620.200214690921,0.9259
"249",249,10,9,0.277777777777778,5052.13245382512,561.348050425014,0.9425
"250",250,10,10,0.25,4855.352483641,485.5352483641,0.9553
"251",251,10,11,0.227272727272727,5325.96545267993,484.178677516358,0.9635
"252",252,10,12,0.208333333333333,5062.38825215147,421.865687679289,0.971
"253",253,10,13,0.192307692307692,5034.27992578694,387.252301983611,0.9732
"254",254,10,14,0.178571428571429,5416.64903617754,386.90350258411,0.9756
"255",255,10,15,0.166666666666667,5286.74360620519,352.449573747012,0.9804
"256",256,10,16,0.15625,5158.07799501928,322.379874688705,0.9829
"257",257,10,17,0.147058823529412,5244.12719265718,308.478070156305,0.9856
"258",258,10,18,0.138888888888889,5063.5975337541,281.31097409745,0.9839
"259",259,10,19,0.131578947368421,4892.51513581251,257.500796621711,0.9878
"260",260,10,20,0.125,5015.42460115706,250.771230057853,0.9897
"261",261,50,1,2.5,0,0,0
"262",262,50,2,1.25,0,0,0
"263",263,50,3,0.833333333333333,18.4224629014008,6.14082096713361,0.0109
"264",264,50,4,0.625,487.180948370002,121.795237092501,0.213
"265",265,50,5,0.5,1610.43838427846,322.087676855692,0.5
"266",266,50,6,0.416666666666667,2574.24451087646,429.040751812743,0.6727
"267",267,50,7,0.357142857142857,3159.53118150055,451.361597357221,0.7804
"268",268,50,8,0.3125,3695.23331249472,461.90416406184,0.8373
"269",269,50,9,0.277777777777778,3833.5534645301,425.950384947789,0.8703
"270",270,50,10,0.25,4300.11908907558,430.011908907558,0.898
"271",271,50,11,0.227272727272727,4103.27788796466,373.025262542242,0.9162
"272",272,50,12,0.208333333333333,4313.81266673284,359.484388894403,0.926
"273",273,50,13,0.192307692307692,4172.11030431771,320.931561870593,0.9397
"274",274,50,14,0.178571428571429,4508.27229565524,322.01944968966,0.9513
"275",275,50,15,0.166666666666667,3725.81196881933,248.387464587955,0.9556
"276",276,50,16,0.15625,4253.82445245761,265.8640282786,0.9598
"277",277,50,17,0.147058823529412,4397.17365782419,258.657273989658,0.9634
"278",278,50,18,0.138888888888889,4307.18566239781,239.288092355434,0.9705
"279",279,50,19,0.131578947368421,4491.38689535218,236.388783965904,0.9726
"280",280,50,20,0.125,4533.12177591043,226.656088795522,0.975
"281",281,100,1,2.5,0,0,0
"282",282,100,2,1.25,0,0,0
"283",283,100,3,0.833333333333333,2.93894681314015,0.979648937713382,2e-04
"284",284,100,4,0.625,156.54912103382,39.137280258455,0.0811
"285",285,100,5,0.5,873.138772176497,174.627754435299,0.3414
"286",286,100,6,0.416666666666667,1895.25071881602,315.87511980267,0.5505
"287",287,100,7,0.357142857142857,2679.07875753318,382.725536790454,0.6852
"288",288,100,8,0.3125,2979.57010879618,372.446263599522,0.7662
"289",289,100,9,0.277777777777778,3733.3084921214,414.812054680156,0.8227
"290",290,100,10,0.25,3644.6287884497,364.46287884497,0.8507
"291",291,100,11,0.227272727272727,4134.56456993314,375.869506357558,0.8844
"292",292,100,12,0.208333333333333,4016.67826505273,334.723188754394,0.8997
"293",293,100,13,0.192307692307692,4365.01816773859,335.770628287584,0.9162
"294",294,100,14,0.178571428571429,4124.83249506303,294.630892504502,0.9259
"295",295,100,15,0.166666666666667,4399.72672673133,293.315115115422,0.9284
"296",296,100,16,0.15625,4183.43920772386,261.464950482741,0.94
"297",297,100,17,0.147058823529412,4417.94320333708,259.879011961005,0.9514
"298",298,100,18,0.138888888888889,4114.19491301775,228.566384056542,0.9547
"299",299,100,19,0.131578947368421,4080.31987794975,214.753677786829,0.9611
"300",300,100,20,0.125,4333.97005734871,216.698502867435,0.9633
"301",301,2,1,2.5,70.4212161576537,70.4212161576537,0.0334
"302",302,2,2,1.25,758.817418399869,379.408709199934,0.2182
"303",303,2,3,0.833333333333333,3636.68449106866,1212.22816368955,0.6974
"304",304,2,4,0.625,4231.52151491767,1057.88037872942,0.8525
"305",305,2,5,0.5,5006.1533592766,1001.23067185532,0.922
"306",306,2,6,0.416666666666667,5573.95325974502,928.992209957504,0.9474
"307",307,2,7,0.357142857142857,5529.47194374692,789.924563392418,0.9636
"308",308,2,8,0.3125,4914.96766478703,614.370958098378,0.9706
"309",309,2,9,0.277777777777778,4704.35361823208,522.705957581343,0.9791
"310",310,2,10,0.25,5646.62044434206,564.662044434206,0.9837
"311",311,2,11,0.227272727272727,5085.7738617989,462.343078345355,0.9842
"312",312,2,12,0.208333333333333,5473.41515607329,456.117929672774,0.9881
"313",313,2,13,0.192307692307692,5580.84259897341,429.295584536416,0.991
"314",314,2,14,0.178571428571429,5352.345642536,382.310403038286,0.9897
"315",315,2,15,0.166666666666667,5696.24059790085,379.74937319339,0.9903
"316",316,2,16,0.15625,5505.17024275432,344.073140172145,0.9917
"317",317,2,17,0.147058823529412,5459.96984433987,321.174696725875,0.9939
"318",318,2,18,0.138888888888889,5172.06685433719,287.337047463177,0.9954
"319",319,2,19,0.131578947368421,5552.41439614239,292.232336639073,0.9957
"320",320,2,20,0.125,6178.83914781015,308.941957390507,0.9955
"321",321,4,1,2.5,7.33305810599101,7.33305810599101,0.0019
"322",322,4,2,1.25,222.820036812191,111.410018406095,0.0684
"323",323,4,3,0.833333333333333,2500.90162105045,833.633873683484,0.5409
"324",324,4,4,0.625,3755.53382961102,938.883457402754,0.766
"325",325,4,5,0.5,3985.28398216782,797.056796433565,0.8709
"326",326,4,6,0.416666666666667,4323.28211151511,720.547018585851,0.9129
"327",327,4,7,0.357142857142857,5034.84272830528,719.263246900755,0.9414
"328",328,4,8,0.3125,5361.34047216774,670.167559020968,0.956
"329",329,4,9,0.277777777777778,5286.83497632253,587.426108480281,0.9641
"330",330,4,10,0.25,5199.55108735348,519.955108735349,0.9747
"331",331,4,11,0.227272727272727,5616.36645455398,510.578768595817,0.9761
"332",332,4,12,0.208333333333333,4687.63054662397,390.635878885331,0.981
"333",333,4,13,0.192307692307692,5239.21509188827,403.016545529867,0.982
"334",334,4,14,0.178571428571429,5263.99382737416,375.999559098154,0.987
"335",335,4,15,0.166666666666667,5588.28888419114,372.552592279409,0.9876
"336",336,4,16,0.15625,5570.69902529424,348.16868908089,0.9897
"337",337,4,17,0.147058823529412,5625.11330660396,330.889018035527,0.9912
"338",338,4,18,0.138888888888889,5372.71761401756,298.484311889864,0.9916
"339",339,4,19,0.131578947368421,6012.62797206547,316.45410379292,0.9926
"340",340,4,20,0.125,5692.04720121266,284.602360060633,0.9943
"341",341,10,1,2.5,0,0,0
"342",342,10,2,1.25,13.4715509436992,6.73577547184961,0.0042
"343",343,10,3,0.833333333333333,929.120857164671,309.706952388224,0.2638
"344",344,10,4,0.625,2437.89648834945,609.474122087363,0.5913
"345",345,10,5,0.5,3453.33091701428,690.666183402855,0.7693
"346",346,10,6,0.416666666666667,3862.81734706118,643.802891176863,0.8565
"347",347,10,7,0.357142857142857,4850.33511748624,692.905016783748,0.8996
"348",348,10,8,0.3125,4271.63517325087,533.954396656359,0.9255
"349",349,10,9,0.277777777777778,5147.85679630815,571.984088478684,0.9434
"350",350,10,10,0.25,4818.04403141394,481.804403141394,0.9535
"351",351,10,11,0.227272727272727,4796.31024571548,436.028204155953,0.9642
"352",352,10,12,0.208333333333333,4447.65832972051,370.638194143376,0.9711
"353",353,10,13,0.192307692307692,4932.21090369087,379.400838745452,0.9739
"354",354,10,14,0.178571428571429,4992.42742659868,356.601959042763,0.9786
"355",355,10,15,0.166666666666667,5097.85246814802,339.856831209868,0.9783
"356",356,10,16,0.15625,5165.48632295208,322.842895184505,0.9816
"357",357,10,17,0.147058823529412,5150.64401935717,302.979059962186,0.9858
"358",358,10,18,0.138888888888889,5406.87457094911,300.381920608284,0.986
"359",359,10,19,0.131578947368421,4493.33137013767,236.491124744088,0.9867
"360",360,10,20,0.125,5402.32982493187,270.116491246594,0.9894
"361",361,50,1,2.5,0,0,0
"362",362,50,2,1.25,0,0,0
"363",363,50,3,0.833333333333333,19.327628836192,6.44254294539735,0.0118
"364",364,50,4,0.625,314.811551310955,78.7028878277388,0.2173
"365",365,50,5,0.5,1420.19184138248,284.038368276495,0.4952
"366",366,50,6,0.416666666666667,2571.14333352439,428.523888920732,0.6812
"367",367,50,7,0.357142857142857,3234.0111397506,462.001591392944,0.7755
"368",368,50,8,0.3125,3584.09815332554,448.012269165693,0.8259
"369",369,50,9,0.277777777777778,3788.54364499088,420.949293887876,0.8696
"370",370,50,10,0.25,4260.85629306095,426.085629306095,0.9002
"371",371,50,11,0.227272727272727,4009.58379087674,364.50761735243,0.9152
"372",372,50,12,0.208333333333333,4513.56365343002,376.130304452502,0.9291
"373",373,50,13,0.192307692307692,4207.84167076898,323.680128520691,0.9375
"374",374,50,14,0.178571428571429,4821.17031425612,344.369308161151,0.9504
"375",375,50,15,0.166666666666667,4267.37999735614,284.491999823742,0.957
"376",376,50,16,0.15625,4577.73760560986,286.108600350616,0.9633
"377",377,50,17,0.147058823529412,4670.315503756,274.724441397412,0.9631
"378",378,50,18,0.138888888888889,4956.87654664042,275.382030368912,0.9684
"379",379,50,19,0.131578947368421,4404.975078184,231.840793588632,0.9687
"380",380,50,20,0.125,4620.66398937416,231.033199468708,0.9766
"381",381,100,1,2.5,0,0,0
"382",382,100,2,1.25,0,0,0
"383",383,100,3,0.833333333333333,0,0,0
"384",384,100,4,0.625,118.860355954375,29.7150889885938,0.0743
"385",385,100,5,0.5,716.502652877031,143.300530575406,0.3414
"386",386,100,6,0.416666666666667,1337.32575556747,222.887625927912,0.5559
"387",387,100,7,0.357142857142857,2573.90172503691,367.700246433845,0.6857
"388",388,100,8,0.3125,3105.53031898981,388.191289873726,0.7697
"389",389,100,9,0.277777777777778,3558.13935901959,395.348817668844,0.8171
"390",390,100,10,0.25,3803.9553729447,380.395537294471,0.8513
"391",391,100,11,0.227272727272727,3851.18637831106,350.107852573733,0.878
"392",392,100,12,0.208333333333333,3502.56394169595,291.880328474662,0.9017
"393",393,100,13,0.192307692307692,4127.74307582794,317.518698140611,0.915
"394",394,100,14,0.178571428571429,4331.49204753482,309.39228910963,0.9288
"395",395,100,15,0.166666666666667,3763.541142964,250.902742864267,0.9372
"396",396,100,16,0.15625,4182.64456121807,261.415285076129,0.9418
"397",397,100,17,0.147058823529412,4046.74446799196,238.043792234821,0.9499
"398",398,100,18,0.138888888888889,4494.23631675114,249.679795375063,0.9585
"399",399,100,19,0.131578947368421,4342.3455568182,228.544502990431,0.9581
"400",400,100,20,0.125,4319.86127399235,215.993063699618,0.9633
"401",401,2,1,2.5,44.3762396068205,44.3762396068205,0.0274
"402",402,2,2,1.25,809.979486332182,404.989743166091,0.2205
"403",403,2,3,0.833333333333333,3512.373561785,1170.79118726167,0.7035
"404",404,2,4,0.625,4677.0373989846,1169.25934974615,0.843
"405",405,2,5,0.5,5354.01594267644,1070.80318853529,0.9244
"406",406,2,6,0.416666666666667,5186.19660734855,864.366101224758,0.9405
"407",407,2,7,0.357142857142857,5133.4331302144,733.347590030628,0.9609
"408",408,2,8,0.3125,5319.71201736599,664.964002170749,0.9719
"409",409,2,9,0.277777777777778,5379.75889033361,597.750987814846,0.9779
"410",410,2,10,0.25,5632.02706004436,563.202706004436,0.9824
"411",411,2,11,0.227272727272727,5517.00295456737,501.545723142488,0.9851
"412",412,2,12,0.208333333333333,5858.34349010971,488.195290842476,0.9873
"413",413,2,13,0.192307692307692,5115.37478412378,393.490368009521,0.9901
"414",414,2,14,0.178571428571429,5825.13473323629,416.081052374021,0.9918
"415",415,2,15,0.166666666666667,5267.10781391217,351.140520927478,0.9915
"416",416,2,16,0.15625,6209.48627833547,388.092892395967,0.993
"417",417,2,17,0.147058823529412,5581.74120396532,328.337717880313,0.9934
"418",418,2,18,0.138888888888889,5402.74285926028,300.152381070015,0.993
"419",419,2,19,0.131578947368421,5617.94678976461,295.681409987611,0.995
"420",420,2,20,0.125,5913.61749255915,295.680874627958,0.9961
"421",421,4,1,2.5,5.1078672609511,5.1078672609511,0.0015
"422",422,4,2,1.25,266.194025582194,133.097012791097,0.0725
"423",423,4,3,0.833333333333333,2196.72706610359,732.242355367864,0.5254
"424",424,4,4,0.625,3740.58686009769,935.146715024423,0.7559
"425",425,4,5,0.5,4639.12077191461,927.824154382923,0.8613
"426",426,4,6,0.416666666666667,4890.26951297365,815.044918828943,0.9171
"427",427,4,7,0.357142857142857,4891.84088416827,698.834412024038,0.939
"428",428,4,8,0.3125,5405.15457925831,675.644322407289,0.9589
"429",429,4,9,0.277777777777778,4915.95004890268,546.216672100298,0.9674
"430",430,4,10,0.25,5017.10217999026,501.710217999026,0.9726
"431",431,4,11,0.227272727272727,4843.49880545401,440.318073223092,0.9787
"432",432,4,12,0.208333333333333,5029.80431662466,419.150359718721,0.9836
"433",433,4,13,0.192307692307692,5569.8922317478,428.453248595984,0.9829
"434",434,4,14,0.178571428571429,4883.58990338437,348.827850241741,0.9867
"435",435,4,15,0.166666666666667,5285.89918256872,352.393278837915,0.9884
"436",436,4,16,0.15625,5482.8326450941,342.677040318381,0.9899
"437",437,4,17,0.147058823529412,5387.28731843528,316.899254025604,0.9915
"438",438,4,18,0.138888888888889,5678.77775023533,315.487652790852,0.9903
"439",439,4,19,0.131578947368421,5769.89933377123,303.678912303749,0.9931
"440",440,4,20,0.125,5087.62920788544,254.381460394272,0.9928
"441",441,10,1,2.5,0,0,0
"442",442,10,2,1.25,7.72588799946497,3.86294399973248,0.0023
"443",443,10,3,0.833333333333333,1004.76773116541,334.922577055135,0.273
"444",444,10,4,0.625,2608.26846947778,652.067117369446,0.6087
"445",445,10,5,0.5,3391.17185850109,678.234371700217,0.769
"446",446,10,6,0.416666666666667,3939.94152342591,656.656920570985,0.8514
"447",447,10,7,0.357142857142857,4471.46256155448,638.780365936354,0.8997
"448",448,10,8,0.3125,4847.8072799692,605.97590999615,0.9333
"449",449,10,9,0.277777777777778,4799.47430625628,533.274922917364,0.9465
"450",450,10,10,0.25,4796.89903072335,479.689903072335,0.9525
"451",451,10,11,0.227272727272727,4240.9538071158,385.541255192346,0.9638
"452",452,10,12,0.208333333333333,4824.84898131734,402.070748443112,0.9686
"453",453,10,13,0.192307692307692,4764.72402710766,366.517232854436,0.9717
"454",454,10,14,0.178571428571429,4795.19164109032,342.513688649309,0.9784
"455",455,10,15,0.166666666666667,5000.96911570215,333.39794104681,0.9809
"456",456,10,16,0.15625,5077.83290734312,317.364556708945,0.9823
"457",457,10,17,0.147058823529412,5138.65182654134,302.273636855373,0.987
"458",458,10,18,0.138888888888889,4751.90984904378,263.994991613544,0.9866
"459",459,10,19,0.131578947368421,5222.99235903482,274.894334686043,0.9888
"460",460,10,20,0.125,4933.90779098044,246.695389549022,0.9866
"461",461,50,1,2.5,0,0,0
"462",462,50,2,1.25,0,0,0
"463",463,50,3,0.833333333333333,15.2774718134229,5.09249060447431,0.0073
"464",464,50,4,0.625,473.525567479942,118.381391869986,0.2076
"465",465,50,5,0.5,1611.08170942432,322.216341884863,0.5009
"466",466,50,6,0.416666666666667,2298.36929412789,383.061549021314,0.6739
"467",467,50,7,0.357142857142857,2990.10923343808,427.158461919726,0.778
"468",468,50,8,0.3125,3695.33979546076,461.917474432594,0.8378
"469",469,50,9,0.277777777777778,3955.98438986382,439.55382109598,0.8733
"470",470,50,10,0.25,4303.58153343957,430.358153343957,0.8996
"471",471,50,11,0.227272727272727,4042.94917284342,367.540833894856,0.9135
"472",472,50,12,0.208333333333333,3658.46718120812,304.872265100676,0.9266
"473",473,50,13,0.192307692307692,4434.9489807949,341.149921599608,0.9406
"474",474,50,14,0.178571428571429,4557.79943188663,325.557102277617,0.9494
"475",475,50,15,0.166666666666667,4734.89377227606,315.659584818404,0.9552
"476",476,50,16,0.15625,4556.24622667339,284.765389167087,0.9612
"477",477,50,17,0.147058823529412,4215.73006610072,247.984121535336,0.966
"478",478,50,18,0.138888888888889,4526.65527204723,251.480848447068,0.967
"479",479,50,19,0.131578947368421,4375.43007067173,230.285793193249,0.9718
"480",480,50,20,0.125,4602.54212097578,230.127106048789,0.9737
"481",481,100,1,2.5,0,0,0
"482",482,100,2,1.25,0,0,0
"483",483,100,3,0.833333333333333,2.30208674942071,0.767362249806902,1e-04
"484",484,100,4,0.625,137.798248279824,34.4495620699559,0.0807
"485",485,100,5,0.5,703.415852746567,140.683170549313,0.3347
"486",486,100,6,0.416666666666667,1564.77380247768,260.795633746281,0.5567
"487",487,100,7,0.357142857142857,2487.03328183055,355.290468832935,0.6892
"488",488,100,8,0.3125,2818.70391124237,352.337988905297,0.7656
"489",489,100,9,0.277777777777778,3384.07138681712,376.007931868569,0.8166
"490",490,100,10,0.25,3258.37868644584,325.837868644584,0.8463
"491",491,100,11,0.227272727272727,3476.29541763563,316.026856148694,0.8792
"492",492,100,12,0.208333333333333,4071.97881135778,339.331567613148,0.9003
"493",493,100,13,0.192307692307692,3745.20502516234,288.092694243257,0.9117
"494",494,100,14,0.178571428571429,4029.37183123462,287.812273659615,0.9271
"495",495,100,15,0.166666666666667,4242.95836455949,282.863890970633,0.9373
"496",496,100,16,0.15625,4401.35321832103,275.084576145064,0.9435
"497",497,100,17,0.147058823529412,4155.22965380589,244.425273753288,0.9495
"498",498,100,18,0.138888888888889,4443.94924144767,246.886068969315,0.9595
"499",499,100,19,0.131578947368421,4388.56977935715,230.977356808271,0.9605
"500",500,100,20,0.125,4654.0088541735,232.700442708675,0.961
"501",501,2,1,2.5,42.2311759558238,42.2311759558238,0.0222
"502",502,2,2,1.25,820.09795480456,410.04897740228,0.2229
"503",503,2,3,0.833333333333333,3445.26112360455,1148.42037453485,0.7018
"504",504,2,4,0.625,4752.95036544516,1188.23759136129,0.8491
"505",505,2,5,0.5,4806.15388628348,961.230777256696,0.9166
"506",506,2,6,0.416666666666667,5656.55373959837,942.758956599729,0.9452
"507",507,2,7,0.357142857142857,4791.53454338938,684.504934769912,0.966
"508",508,2,8,0.3125,4272.57674687103,534.072093358879,0.972
"509",509,2,9,0.277777777777778,5170.18647077474,574.465163419415,0.9772
"510",510,2,10,0.25,4380.92682367943,438.092682367943,0.9844
"511",511,2,11,0.227272727272727,7571.08818046262,688.28074367842,0.9861
"512",512,2,12,0.208333333333333,5606.01586348256,467.167988623547,0.9893
"513",513,2,13,0.192307692307692,4929.47086209176,379.190066314751,0.9902
"514",514,2,14,0.178571428571429,4817.6303827496,344.116455910685,0.9912
"515",515,2,15,0.166666666666667,5458.72430513319,363.914953675546,0.992
"516",516,2,16,0.15625,5308.85453260965,331.803408288103,0.9907
"517",517,2,17,0.147058823529412,5817.41618275788,342.200951926934,0.9929
"518",518,2,18,0.138888888888889,5735.26311880663,318.62572882259,0.9945
"519",519,2,19,0.131578947368421,6036.78947914695,317.725762060366,0.9955
"520",520,2,20,0.125,5688.009666095,284.40048330475,0.9952
"521",521,4,1,2.5,4.58941601629431,4.58941601629431,0.0017
"522",522,4,2,1.25,165.08772693616,82.5438634680799,0.0679
"523",523,4,3,0.833333333333333,2213.25380917575,737.751269725249,0.5213
"524",524,4,4,0.625,3587.44768017956,896.861920044891,0.7664
"525",525,4,5,0.5,4540.45224307076,908.090448614151,0.8698
"526",526,4,6,0.416666666666667,4847.92444842249,807.987408070414,0.9209
"527",527,4,7,0.357142857142857,4859.911688124,694.273098303429,0.9402
"528",528,4,8,0.3125,5032.83823874468,629.104779843085,0.9531
"529",529,4,9,0.277777777777778,4956.97001635182,550.774446261314,0.9654
"530",530,4,10,0.25,5737.51406891138,573.751406891138,0.9743
"531",531,4,11,0.227272727272727,5560.67212372832,505.515647611665,0.9774
"532",532,4,12,0.208333333333333,5724.86414627659,477.072012189716,0.9801
"533",533,4,13,0.192307692307692,5115.67793580812,393.513687369855,0.9839
"534",534,4,14,0.178571428571429,4883.61148654983,348.829391896416,0.9867
"535",535,4,15,0.166666666666667,5716.17227438623,381.078151625749,0.9874
"536",536,4,16,0.15625,5071.48618693295,316.96788668331,0.9901
"537",537,4,17,0.147058823529412,4667.89679024411,274.582164132007,0.9915
"538",538,4,18,0.138888888888889,5073.04363221925,281.835757345514,0.9913
"539",539,4,19,0.131578947368421,5304.6178755252,279.190414501326,0.9921
"540",540,4,20,0.125,5522.88387111268,276.144193555634,0.9929
"541",541,10,1,2.5,0,0,0
"542",542,10,2,1.25,12.9633394042566,6.4816697021283,0.0042
"543",543,10,3,0.833333333333333,1009.66511065321,336.555036884403,0.259
"544",544,10,4,0.625,2544.1505330167,636.037633254175,0.6019
"545",545,10,5,0.5,3585.06581022261,717.013162044522,0.7765
"546",546,10,6,0.416666666666667,3680.9160182397,613.486003039951,0.8565
"547",547,10,7,0.357142857142857,4580.93157962559,654.418797089369,0.9007
"548",548,10,8,0.3125,3995.48956067746,499.436195084683,0.9265
"549",549,10,9,0.277777777777778,4102.84455614736,455.871617349707,0.942
"550",550,10,10,0.25,5059.66351592093,505.966351592093,0.9563
"551",551,10,11,0.227272727272727,4962.37309412599,451.124826738726,0.9654
"552",552,10,12,0.208333333333333,5076.22166547505,423.018472122921,0.9702
"553",553,10,13,0.192307692307692,5388.80418004909,414.523398465314,0.9765
"554",554,10,14,0.178571428571429,5322.98057988129,380.212898562949,0.9776
"555",555,10,15,0.166666666666667,5096.37471735096,339.758314490064,0.9801
"556",556,10,16,0.15625,4878.27620341894,304.892262713683,0.9848
"557",557,10,17,0.147058823529412,5284.41957417962,310.84821024586,0.986
"558",558,10,18,0.138888888888889,5066.36721334038,281.464845185577,0.9859
"559",559,10,19,0.131578947368421,4894.0611081913,257.582163589016,0.9881
"560",560,10,20,0.125,4915.76168102836,245.788084051418,0.991
"561",561,50,1,2.5,0,0,0
"562",562,50,2,1.25,0,0,0
"563",563,50,3,0.833333333333333,21.1016705336104,7.03389017787012,0.0078
"564",564,50,4,0.625,543.381229125791,135.845307281448,0.2203
"565",565,50,5,0.5,1562.66038702671,312.532077405342,0.4923
"566",566,50,6,0.416666666666667,2516.62538565418,419.437564275696,0.6724
"567",567,50,7,0.357142857142857,3290.72555210782,470.103650301118,0.7703
"568",568,50,8,0.3125,3662.15572858411,457.769466073014,0.8281
"569",569,50,9,0.277777777777778,3510.84144149663,390.093493499626,0.8735
"570",570,50,10,0.25,4279.48661603906,427.948661603906,0.8954
"571",571,50,11,0.227272727272727,4210.98346290515,382.816678445923,0.9158
"572",572,50,12,0.208333333333333,3937.45631530958,328.121359609131,0.9311
"573",573,50,13,0.192307692307692,4455.85603118546,342.758156245036,0.9414
"574",574,50,14,0.178571428571429,4409.80282647814,314.98591617701,0.9463
"575",575,50,15,0.166666666666667,4745.86951486718,316.391300991146,0.957
"576",576,50,16,0.15625,4757.08158854848,297.31759928428,0.9592
"577",577,50,17,0.147058823529412,4580.16704297704,269.421590763355,0.9636
"578",578,50,18,0.138888888888889,4628.61167527219,257.145093070677,0.9675
"579",579,50,19,0.131578947368421,4453.19373392702,234.378617575106,0.9699
"580",580,50,20,0.125,4629.76824060527,231.488412030264,0.9753
"581",581,100,1,2.5,0,0,0
"582",582,100,2,1.25,0,0,0
"583",583,100,3,0.833333333333333,1.2096570433634,0.403219014454467,2e-04
"584",584,100,4,0.625,110.066180438106,27.5165451095265,0.0835
"585",585,100,5,0.5,640.711219461621,128.142243892324,0.3328
"586",586,100,6,0.416666666666667,1780.81584611376,296.802641018959,0.5531
"587",587,100,7,0.357142857142857,2468.05618684227,352.579455263181,0.6797
"588",588,100,8,0.3125,3026.8650728059,378.358134100738,0.7674
"589",589,100,9,0.277777777777778,3566.71542750601,396.301714167335,0.826
"590",590,100,10,0.25,3651.96340597137,365.196340597137,0.8485
"591",591,100,11,0.227272727272727,3722.2447961906,338.385890562782,0.8783
"592",592,100,12,0.208333333333333,4169.81941433595,347.484951194662,0.897
"593",593,100,13,0.192307692307692,3171.9935063717,243.999500490131,0.9161
"594",594,100,14,0.178571428571429,4115.92424946522,293.994589247516,0.9258
"595",595,100,15,0.166666666666667,4027.36362749751,268.490908499834,0.9396
"596",596,100,16,0.15625,4529.01252137619,283.063282586012,0.948
"597",597,100,17,0.147058823529412,4354.55256760292,256.150151035466,0.9514
"598",598,100,18,0.138888888888889,3974.16704673126,220.787058151737,0.957
"599",599,100,19,0.131578947368421,4662.74704467262,245.407739193296,0.9615
"600",600,100,20,0.125,4787.7958475184,239.38979237592,0.9632
"601",601,2,1,2.5,63.0909807919287,63.0909807919287,0.0221
"602",602,2,2,1.25,833.370039272647,416.685019636324,0.2238
"603",603,2,3,0.833333333333333,3476.28031076877,1158.76010358959,0.7023
"604",604,2,4,0.625,4043.5406485475,1010.88516213688,0.8451
"605",605,2,5,0.5,4934.70077482096,986.940154964192,0.9163
"606",606,2,6,0.416666666666667,6088.46201385192,1014.74366897532,0.95
"607",607,2,7,0.357142857142857,5387.79183089894,769.684547271277,0.9598
"608",608,2,8,0.3125,5160.85291048575,645.106613810719,0.97
"609",609,2,9,0.277777777777778,5975.32686553039,663.925207281154,0.979
"610",610,2,10,0.25,5093.83029622098,509.383029622098,0.9806
"611",611,2,11,0.227272727272727,5690.81458474388,517.346780431262,0.9855
"612",612,2,12,0.208333333333333,5870.18834671608,489.18236222634,0.988
"613",613,2,13,0.192307692307692,5461.04471363617,420.080362587398,0.9911
"614",614,2,14,0.178571428571429,5459.87445781032,389.991032700737,0.9902
"615",615,2,15,0.166666666666667,5986.35490122155,399.090326748103,0.9938
"616",616,2,16,0.15625,5376.5726497467,336.035790609169,0.9937
"617",617,2,17,0.147058823529412,5592.13777907059,328.9492811218,0.9945
"618",618,2,18,0.138888888888889,5466.25709989327,303.680949994071,0.9951
"619",619,2,19,0.131578947368421,5776.59194420345,304.031154958077,0.9956
"620",620,2,20,0.125,5437.99773863035,271.899886931518,0.9964
"621",621,4,1,2.5,9.04010412155313,9.04010412155313,0.0028
"622",622,4,2,1.25,156.04498861421,78.0224943071051,0.0698
"623",623,4,3,0.833333333333333,2400.29449312487,800.098164374957,0.528
"624",624,4,4,0.625,3496.87611059917,874.219027649792,0.7641
"625",625,4,5,0.5,4693.81505415794,938.763010831588,0.8733
"626",626,4,6,0.416666666666667,4444.29741406663,740.716235677771,0.9168
"627",627,4,7,0.357142857142857,5264.11350721738,752.016215316768,0.9393
"628",628,4,8,0.3125,5124.88661984855,640.610827481069,0.9558
"629",629,4,9,0.277777777777778,5540.55675681319,615.617417423688,0.9658
"630",630,4,10,0.25,5070.17898975668,507.017898975668,0.9745
"631",631,4,11,0.227272727272727,5492.39164738909,499.308331580826,0.9785
"632",632,4,12,0.208333333333333,5741.51493824328,478.45957818694,0.9818
"633",633,4,13,0.192307692307692,4884.59309595638,375.737930458183,0.9845
"634",634,4,14,0.178571428571429,5435.08783801261,388.220559858043,0.9858
"635",635,4,15,0.166666666666667,5404.62384712322,360.308256474881,0.9885
"636",636,4,16,0.15625,5357.49042728865,334.843151705541,0.9906
"637",637,4,17,0.147058823529412,5343.07046494125,314.298262643603,0.9901
"638",638,4,18,0.138888888888889,5292.79451903148,294.044139946194,0.9935
"639",639,4,19,0.131578947368421,5283.47781992459,278.077779996031,0.9927
"640",640,4,20,0.125,5367.85208044311,268.392604022156,0.9942
"641",641,10,1,2.5,0,0,0
"642",642,10,2,1.25,11.8809882852158,5.94049414260791,0.0046
"643",643,10,3,0.833333333333333,846.18376110549,282.06125370183,0.2671
"644",644,10,4,0.625,2445.59582972392,611.398957430981,0.6029
"645",645,10,5,0.5,3611.17830987675,722.235661975349,0.7752
"646",646,10,6,0.416666666666667,3702.29760096163,617.049600160271,0.8543
"647",647,10,7,0.357142857142857,3900.77362637683,557.253375196689,0.899
"648",648,10,8,0.3125,4948.88318269191,618.610397836489,0.9299
"649",649,10,9,0.277777777777778,5032.18728656253,559.13192072917,0.9449
"650",650,10,10,0.25,4912.68746691389,491.268746691389,0.9565
"651",651,10,11,0.227272727272727,4956.51378831784,450.592162574349,0.9632
"652",652,10,12,0.208333333333333,4764.73881328721,397.061567773934,0.968
"653",653,10,13,0.192307692307692,4838.24233126295,372.172487020227,0.9757
"654",654,10,14,0.178571428571429,4827.48732714672,344.820523367623,0.9764
"655",655,10,15,0.166666666666667,4697.10395558165,313.140263705443,0.9811
"656",656,10,16,0.15625,5172.54044319016,323.283777699385,0.9809
"657",657,10,17,0.147058823529412,5457.24457127182,321.014386545401,0.9844
"658",658,10,18,0.138888888888889,5179.11490168186,287.728605648992,0.9871
"659",659,10,19,0.131578947368421,5404.29437917097,284.436546272156,0.987
"660",660,10,20,0.125,5121.41686218731,256.070843109366,0.9882
"661",661,50,1,2.5,0,0,0
"662",662,50,2,1.25,0,0,0
"663",663,50,3,0.833333333333333,12.4464632715484,4.14882109051613,0.0092
"664",664,50,4,0.625,576.24122616708,144.06030654177,0.221
"665",665,50,5,0.5,1610.19973602989,322.039947205978,0.5003
"666",666,50,6,0.416666666666667,2616.04164425157,436.006940708595,0.6783
"667",667,50,7,0.357142857142857,3118.52066622258,445.502952317512,0.7766
"668",668,50,8,0.3125,3642.77095156484,455.346368945605,0.842
"669",669,50,9,0.277777777777778,3755.75234444176,417.305816049085,0.8689
"670",670,50,10,0.25,3990.41730622345,399.041730622345,0.8979
"671",671,50,11,0.227272727272727,4450.31699005244,404.574271822949,0.9114
"672",672,50,12,0.208333333333333,4491.47557650089,374.289631375074,0.932
"673",673,50,13,0.192307692307692,4036.82921887159,310.525324528584,0.942
"674",674,50,14,0.178571428571429,4674.77151470843,333.912251050602,0.9523
"675",675,50,15,0.166666666666667,4723.11844766775,314.87456317785,0.9575
"676",676,50,16,0.15625,4773.54635760212,298.346647350133,0.9585
"677",677,50,17,0.147058823529412,4719.52590323969,277.619170778806,0.9634
"678",678,50,18,0.138888888888889,3816.4068330736,212.022601837422,0.9687
"679",679,50,19,0.131578947368421,4693.85296708112,247.04489300427,0.972
"680",680,50,20,0.125,4679.52361657836,233.976180828918,0.9755
"681",681,100,1,2.5,0,0,0
"682",682,100,2,1.25,0,0,0
"683",683,100,3,0.833333333333333,2.06343408272177,0.687811360907255,4e-04
"684",684,100,4,0.625,121.490454268738,30.3726135671846,0.0827
"685",685,100,5,0.5,820.25230099199,164.050460198398,0.3441
"686",686,100,6,0.416666666666667,1332.17937972715,222.029896621192,0.5492
"687",687,100,7,0.357142857142857,2416.53386427228,345.219123467469,0.6862
"688",688,100,8,0.3125,2782.27608081166,347.784510101458,0.7672
"689",689,100,9,0.277777777777778,3536.27954701976,392.919949668863,0.8165
"690",690,100,10,0.25,3613.52339962829,361.352339962829,0.8551
"691",691,100,11,0.227272727272727,3995.62496223859,363.238632930781,0.8822
"692",692,100,12,0.208333333333333,4117.75530698098,343.146275581748,0.9019
"693",693,100,13,0.192307692307692,4118.6984617794,316.822958598416,0.9157
"694",694,100,14,0.178571428571429,4247.02066677494,303.358619055353,0.9305
"695",695,100,15,0.166666666666667,4267.65560051012,284.510373367341,0.9406
"696",696,100,16,0.15625,4492.99161156355,280.811975722722,0.9463
"697",697,100,17,0.147058823529412,4385.67405870422,257.980826982601,0.9525
"698",698,100,18,0.138888888888889,4361.41745007893,242.30096944883,0.9577
"699",699,100,19,0.131578947368421,4474.94613429122,235.52348075217,0.961
"700",700,100,20,0.125,4563.030359309,228.15151796545,0.963
"701",701,2,1,2.5,24.6392317552932,24.6392317552932,0.0241
"702",702,2,2,1.25,906.448539984874,453.224269992437,0.229
"703",703,2,3,0.833333333333333,3412.56797424773,1137.52265808257,0.7005
"704",704,2,4,0.625,4521.91881030164,1130.47970257541,0.8474
"705",705,2,5,0.5,4789.00055300831,957.800110601662,0.921
"706",706,2,6,0.416666666666667,4608.34877529876,768.05812921646,0.9457
"707",707,2,7,0.357142857142857,5273.29128908835,753.327327012622,0.9651
"708",708,2,8,0.3125,5843.28180915377,730.410226144222,0.9709
"709",709,2,9,0.277777777777778,5480.93075862405,608.992306513783,0.9792
"710",710,2,10,0.25,5791.43087245251,579.143087245251,0.9812
"711",711,2,11,0.227272727272727,4920.28226870477,447.29838806407,0.9842
"712",712,2,12,0.208333333333333,5582.43583473792,465.20298622816,0.9897
"713",713,2,13,0.192307692307692,5074.77448517314,390.367268090241,0.99
"714",714,2,14,0.178571428571429,5828.70526699309,416.336090499506,0.9887
"715",715,2,15,0.166666666666667,5061.16003702674,337.410669135116,0.991
"716",716,2,16,0.15625,5236.22939897632,327.26433743602,0.9931
"717",717,2,17,0.147058823529412,5075.74409398064,298.573181998861,0.9929
"718",718,2,18,0.138888888888889,5703.78958288674,316.877199049263,0.995
"719",719,2,19,0.131578947368421,6181.06237500945,325.319072368919,0.9949
"720",720,2,20,0.125,5340.1934994038,267.00967497019,0.9942
"721",721,4,1,2.5,6.10874729904191,6.10874729904191,0.0026
"722",722,4,2,1.25,154.929727317933,77.4648636589665,0.066
"723",723,4,3,0.833333333333333,2221.07281746945,740.357605823149,0.5315
"724",724,4,4,0.625,4095.17388102475,1023.79347025619,0.7658
"725",725,4,5,0.5,4471.94028046771,894.388056093542,0.8658
"726",726,4,6,0.416666666666667,4882.44457115181,813.740761858635,0.9164
"727",727,4,7,0.357142857142857,5168.73688303094,738.390983290134,0.942
"728",728,4,8,0.3125,4788.12546364147,598.515682955183,0.9514
"729",729,4,9,0.277777777777778,5312.21789844835,590.246433160928,0.9676
"730",730,4,10,0.25,5267.63098523513,526.763098523513,0.9711
"731",731,4,11,0.227272727272727,5160.62255417954,469.147504925413,0.9779
"732",732,4,12,0.208333333333333,5526.53273401618,460.544394501348,0.9812
"733",733,4,13,0.192307692307692,5218.77700636384,401.444385104911,0.9842
"734",734,4,14,0.178571428571429,5379.24429483757,384.23173534554,0.9864
"735",735,4,15,0.166666666666667,5460.94487578904,364.062991719269,0.9884
"736",736,4,16,0.15625,5020.38997667088,313.77437354193,0.9911
"737",737,4,17,0.147058823529412,5140.9201574097,302.407068082923,0.9891
"738",738,4,18,0.138888888888889,5395.84395046487,299.76910835916,0.9925
"739",739,4,19,0.131578947368421,5308.54031617404,279.396858746002,0.9932
"740",740,4,20,0.125,4682.12832684928,234.106416342464,0.9927
"741",741,10,1,2.5,0,0,0
"742",742,10,2,1.25,12.2716460107925,6.13582300539627,0.0038
"743",743,10,3,0.833333333333333,934.725031755726,311.575010585242,0.2626
"744",744,10,4,0.625,2667.63156357085,666.907890892713,0.6048
"745",745,10,5,0.5,3608.23062360463,721.646124720925,0.7773
"746",746,10,6,0.416666666666667,4285.58086845182,714.263478075303,0.857
"747",747,10,7,0.357142857142857,4311.83467778257,615.976382540368,0.8996
"748",748,10,8,0.3125,4933.50531873042,616.688164841303,0.9279
"749",749,10,9,0.277777777777778,5046.08583408734,560.676203787483,0.9451
"750",750,10,10,0.25,5109.54374261397,510.954374261397,0.9534
"751",751,10,11,0.227272727272727,5139.72211506158,467.247465005598,0.9619
"752",752,10,12,0.208333333333333,4978.79400224355,414.899500186963,0.9708
"753",753,10,13,0.192307692307692,5071.39589892542,390.107376840417,0.9771
"754",754,10,14,0.178571428571429,5190.34604239794,370.739003028424,0.9791
"755",755,10,15,0.166666666666667,5116.21417662747,341.080945108498,0.9794
"756",756,10,16,0.15625,4976.72182334639,311.045113959149,0.9832
"757",757,10,17,0.147058823529412,4932.19616428391,290.129186134348,0.9867
"758",758,10,18,0.138888888888889,5042.96344666974,280.164635926097,0.988
"759",759,10,19,0.131578947368421,5482.9787590024,288.577829421179,0.9884
"760",760,10,20,0.125,4931.27340966038,246.563670483019,0.9897
"761",761,50,1,2.5,0,0,0
"762",762,50,2,1.25,0,0,0
"763",763,50,3,0.833333333333333,15.7327394338394,5.24424647794647,0.008
"764",764,50,4,0.625,423.409509127936,105.852377281984,0.2171
"765",765,50,5,0.5,1464.6929790242,292.938595804839,0.5049
"766",766,50,6,0.416666666666667,2581.8896947752,430.314949129201,0.6834
"767",767,50,7,0.357142857142857,3392.9466825091,484.706668929871,0.7772
"768",768,50,8,0.3125,3821.76344180748,477.720430225936,0.8287
"769",769,50,9,0.277777777777778,3871.22726443675,430.136362715194,0.8683
"770",770,50,10,0.25,3755.74901181842,375.574901181842,0.8963
"771",771,50,11,0.227272727272727,4150.09963614578,377.281785104162,0.9114
"772",772,50,12,0.208333333333333,4542.03362175155,378.502801812629,0.9279
"773",773,50,13,0.192307692307692,4454.16239983901,342.627876910693,0.9369
"774",774,50,14,0.178571428571429,3900.0013055882,278.571521827729,0.9485
"775",775,50,15,0.166666666666667,4469.31822049749,297.954548033166,0.9519
"776",776,50,16,0.15625,4644.62691115183,290.28918194699,0.9614
"777",777,50,17,0.147058823529412,4478.53404301556,263.443179000915,0.9669
"778",778,50,18,0.138888888888889,4701.85498171942,261.214165651079,0.9687
"779",779,50,19,0.131578947368421,4910.79186681904,258.462729832581,0.9706
"780",780,50,20,0.125,4381.09620187416,219.054810093708,0.9755
"781",781,100,1,2.5,0,0,0
"782",782,100,2,1.25,0,0,0
"783",783,100,3,0.833333333333333,1.66285495191284,0.554284983970948,2e-04
"784",784,100,4,0.625,115.708501196924,28.927125299231,0.0686
"785",785,100,5,0.5,847.098678605953,169.419735721191,0.3331
"786",786,100,6,0.416666666666667,1912.58220635172,318.76370105862,0.5526
"787",787,100,7,0.357142857142857,2337.34905994673,333.907008563819,0.6854
"788",788,100,8,0.3125,3229.96492523051,403.745615653814,0.7606
"789",789,100,9,0.277777777777778,3299.14798459288,366.571998288098,0.8242
"790",790,100,10,0.25,3059.43501190275,305.943501190275,0.845
"791",791,100,11,0.227272727272727,3963.17231651926,360.288392410841,0.8788
"792",792,100,12,0.208333333333333,4274.69337133452,356.22444761121,0.9017
"793",793,100,13,0.192307692307692,3776.65542433849,290.511955718345,0.9069
"794",794,100,14,0.178571428571429,4183.7019285591,298.835852039936,0.9261
"795",795,100,15,0.166666666666667,4517.93726623573,301.195817749048,0.939
"796",796,100,16,0.15625,4270.53570106275,266.908481316422,0.943
"797",797,100,17,0.147058823529412,4192.0270930138,246.589829000812,0.9486
"798",798,100,18,0.138888888888889,4391.36816919909,243.964898288838,0.9562
"799",799,100,19,0.131578947368421,4512.96220558254,237.524326609607,0.9588
"800",800,100,20,0.125,4121.30069842665,206.065034921332,0.9627
"801",801,2,1,2.5,64.2489768224386,64.2489768224386,0.0324
"802",802,2,2,1.25,916.769665691567,458.384832845783,0.2221
"803",803,2,3,0.833333333333333,3424.96112842929,1141.65370947643,0.7059
"804",804,2,4,0.625,4799.86550609876,1199.96637652469,0.8485
"805",805,2,5,0.5,5048.60653330741,1009.72130666148,0.9207
"806",806,2,6,0.416666666666667,5600.75570088364,933.459283480606,0.9494
"807",807,2,7,0.357142857142857,5341.6013430626,763.085906151799,0.9627
"808",808,2,8,0.3125,5417.45512209087,677.181890261359,0.9718
"809",809,2,9,0.277777777777778,5746.16328828742,638.462587587491,0.98
"810",810,2,10,0.25,5595.33398071303,559.533398071303,0.9808
"811",811,2,11,0.227272727272727,5625.02881679908,511.366256072644,0.9859
"812",812,2,12,0.208333333333333,5691.71991868106,474.309993223422,0.9864
"813",813,2,13,0.192307692307692,5687.95276754396,437.534828272612,0.99
"814",814,2,14,0.178571428571429,5047.45960982324,360.532829273088,0.992
"815",815,2,15,0.166666666666667,5272.97188221772,351.531458814515,0.9911
"816",816,2,16,0.15625,5985.18828460217,374.074267787636,0.9938
"817",817,2,17,0.147058823529412,5660.11410591388,332.947888583169,0.9933
"818",818,2,18,0.138888888888889,6269.29546468435,348.294192482464,0.9929
"819",819,2,19,0.131578947368421,5694.82467530466,299.727614489719,0.9945
"820",820,2,20,0.125,6084.26007716658,304.213003858329,0.9956
"821",821,4,1,2.5,10.4630296300489,10.4630296300489,0.0033
"822",822,4,2,1.25,188.902928003284,94.4514640016422,0.0633
"823",823,4,3,0.833333333333333,2204.433915177,734.811305059001,0.5266
"824",824,4,4,0.625,3433.8604571781,858.465114294524,0.7596
"825",825,4,5,0.5,4663.24286848276,932.648573696551,0.8664
"826",826,4,6,0.416666666666667,4404.01353605118,734.002256008531,0.9185
"827",827,4,7,0.357142857142857,5141.46158198585,734.494511712264,0.9402
"828",828,4,8,0.3125,5530.6687016424,691.3335877053,0.9558
"829",829,4,9,0.277777777777778,5425.68281065254,602.85364562806,0.9676
"830",830,4,10,0.25,5562.33446705924,556.233446705924,0.9735
"831",831,4,11,0.227272727272727,5448.75993147528,495.341811952298,0.9759
"832",832,4,12,0.208333333333333,5129.70718940109,427.475599116758,0.9795
"833",833,4,13,0.192307692307692,5400.44672952129,415.418979193946,0.9849
"834",834,4,14,0.178571428571429,4868.03827221492,347.717019443923,0.988
"835",835,4,15,0.166666666666667,5346.61876633969,356.441251089313,0.9882
"836",836,4,16,0.15625,5237.40400182278,327.337750113924,0.99
"837",837,4,17,0.147058823529412,5312.87136874408,312.52184522024,0.9916
"838",838,4,18,0.138888888888889,5601.43507962988,311.190837757216,0.9916
"839",839,4,19,0.131578947368421,5316.16574462262,279.798197085401,0.9929
"840",840,4,20,0.125,5485.9693497196,274.29846748598,0.994
"841",841,10,1,2.5,0,0,0
"842",842,10,2,1.25,3.32333618301628,1.66166809150814,0.0035
"843",843,10,3,0.833333333333333,1015.71355034484,338.571183448281,0.2591
"844",844,10,4,0.625,2503.15350255824,625.78837563956,0.5896
"845",845,10,5,0.5,3685.55949811658,737.111899623316,0.7674
"846",846,10,6,0.416666666666667,3991.43358850313,665.238931417187,0.8551
"847",847,10,7,0.357142857142857,4590.73126450248,655.818752071783,0.904
"848",848,10,8,0.3125,4663.03112746337,582.878890932921,0.9296
"849",849,10,9,0.277777777777778,4821.29512324375,535.699458138194,0.9449
"850",850,10,10,0.25,4659.60984726727,465.960984726727,0.9522
"851",851,10,11,0.227272727272727,5140.29306088328,467.299369171207,0.9647
"852",852,10,12,0.208333333333333,4925.85519945686,410.487933288071,0.9715
"853",853,10,13,0.192307692307692,5259.98808359598,404.614467968921,0.9739
"854",854,10,14,0.178571428571429,4771.6491705557,340.832083611121,0.9791
"855",855,10,15,0.166666666666667,5173.59644895984,344.906429930656,0.9806
"856",856,10,16,0.15625,5168.23731824496,323.01483239031,0.9806
"857",857,10,17,0.147058823529412,5234.40204554363,307.906002679037,0.9829
"858",858,10,18,0.138888888888889,4724.88709230802,262.493727350446,0.9874
"859",859,10,19,0.131578947368421,5347.68614437999,281.457165493684,0.9885
"860",860,10,20,0.125,4885.32872089549,244.266436044774,0.9904
"861",861,50,1,2.5,0,0,0
"862",862,50,2,1.25,0,0,0
"863",863,50,3,0.833333333333333,16.5337350882775,5.51124502942585,0.0074
"864",864,50,4,0.625,463.654789077145,115.913697269286,0.222
"865",865,50,5,0.5,1754.32973712431,350.865947424862,0.5041
"866",866,50,6,0.416666666666667,2459.79262781157,409.965437968596,0.6797
"867",867,50,7,0.357142857142857,3096.3002231504,442.3286033072,0.7725
"868",868,50,8,0.3125,3541.61481045111,442.701851306389,0.8325
"869",869,50,9,0.277777777777778,3881.79140456193,431.310156062437,0.8698
"870",870,50,10,0.25,4232.16416702641,423.216416702641,0.8986
"871",871,50,11,0.227272727272727,3843.26780659053,349.387982417321,0.9151
"872",872,50,12,0.208333333333333,4450.84058150103,370.903381791752,0.9279
"873",873,50,13,0.192307692307692,4028.32551816502,309.871193705002,0.9443
"874",874,50,14,0.178571428571429,4826.28750037653,344.734821455466,0.9493
"875",875,50,15,0.166666666666667,4816.88396608618,321.125597739079,0.9541
"876",876,50,16,0.15625,4766.88613397773,297.930383373608,0.9583
"877",877,50,17,0.147058823529412,4764.35101693152,280.255942172443,0.9638
"878",878,50,18,0.138888888888889,4746.87356139169,263.715197855094,0.9688
"879",879,50,19,0.131578947368421,4787.76722780447,251.987748831814,0.9724
"880",880,50,20,0.125,4430.38341084177,221.519170542089,0.9749
"881",881,100,1,2.5,0,0,0
"882",882,100,2,1.25,0,0,0
"883",883,100,3,0.833333333333333,2.22881692758879,0.742938975862929,1e-04
"884",884,100,4,0.625,112.084313630127,28.0210784075318,0.0806
"885",885,100,5,0.5,740.355299861091,148.071059972218,0.3508
"886",886,100,6,0.416666666666667,1694.3100698573,282.385011642884,0.5464
"887",887,100,7,0.357142857142857,2412.57120292549,344.653028989355,0.683
"888",888,100,8,0.3125,2882.61338737503,360.326673421879,0.7614
"889",889,100,9,0.277777777777778,3465.67711530686,385.075235034095,0.8134
"890",890,100,10,0.25,3493.60301749693,349.360301749693,0.8537
"891",891,100,11,0.227272727272727,3567.75297320781,324.341179382528,0.8845
"892",892,100,12,0.208333333333333,4253.91711409065,354.493092840887,0.8965
"893",893,100,13,0.192307692307692,4305.29432911832,331.176486855255,0.9092
"894",894,100,14,0.178571428571429,4019.5319651769,287.109426084064,0.9213
"895",895,100,15,0.166666666666667,4351.84794467468,290.123196311645,0.9366
"896",896,100,16,0.15625,4307.53854029777,269.22115876861,0.9436
"897",897,100,17,0.147058823529412,4413.61559925326,259.624447014898,0.9514
"898",898,100,18,0.138888888888889,4325.26313652399,240.292396473555,0.9563
"899",899,100,19,0.131578947368421,4309.50208650601,226.81589928979,0.9591
"900",900,100,20,0.125,4201.04015611924,210.052007805962,0.9663
"901",901,2,1,2.5,61.605103937763,61.605103937763,0.033
"902",902,2,2,1.25,814.380652192785,407.190326096392,0.2208
"903",903,2,3,0.833333333333333,3651.9232552632,1217.3077517544,0.7051
"904",904,2,4,0.625,4436.37656860971,1109.09414215243,0.8463
"905",905,2,5,0.5,5527.8709079075,1105.5741815815,0.9223
"906",906,2,6,0.416666666666667,5201.91951678015,866.986586130025,0.9447
"907",907,2,7,0.357142857142857,5102.80601934091,728.972288477272,0.9602
"908",908,2,8,0.3125,5926.91509921795,740.864387402243,0.9729
"909",909,2,9,0.277777777777778,5385.78284209857,598.42031578873,0.9783
"910",910,2,10,0.25,5055.08333659902,505.508333659902,0.9825
"911",911,2,11,0.227272727272727,5205.10760820802,473.191600746183,0.9851
"912",912,2,12,0.208333333333333,5404.13616735212,450.344680612677,0.9884
"913",913,2,13,0.192307692307692,5335.56656892041,410.428197609262,0.9907
"914",914,2,14,0.178571428571429,5952.21482170852,425.158201550608,0.9905
"915",915,2,15,0.166666666666667,5288.00872183185,352.53391478879,0.9929
"916",916,2,16,0.15625,5544.12054014835,346.507533759272,0.9939
"917",917,2,17,0.147058823529412,5027.66816406653,295.74518612156,0.9943
"918",918,2,18,0.138888888888889,4926.33488478509,273.685271376949,0.9961
"919",919,2,19,0.131578947368421,6005.56414747553,316.082323551344,0.9956
"920",920,2,20,0.125,5402.61261857969,270.130630928985,0.9954
"921",921,4,1,2.5,13.8434567095821,13.8434567095821,0.0033
"922",922,4,2,1.25,182.57069503431,91.2853475171552,0.0779
"923",923,4,3,0.833333333333333,2339.7187251826,779.906241727534,0.5395
"924",924,4,4,0.625,3829.14984412214,957.287461030535,0.7569
"925",925,4,5,0.5,4385.93266113654,877.186532227308,0.8627
"926",926,4,6,0.416666666666667,4573.61258793701,762.268764656168,0.9164
"927",927,4,7,0.357142857142857,5045.73377684924,720.819110978462,0.9396
"928",928,4,8,0.3125,5500.87151777249,687.608939721561,0.9546
"929",929,4,9,0.277777777777778,5161.05121344443,573.450134827159,0.9669
"930",930,4,10,0.25,5825.74817718675,582.574817718675,0.9733
"931",931,4,11,0.227272727272727,5199.72151839992,472.701956218174,0.9791
"932",932,4,12,0.208333333333333,5127.05020183137,427.254183485948,0.9818
"933",933,4,13,0.192307692307692,4744.95709773031,364.996699825408,0.9827
"934",934,4,14,0.178571428571429,5389.82295901609,384.987354215435,0.9878
"935",935,4,15,0.166666666666667,5065.28995445534,337.685996963689,0.9868
"936",936,4,16,0.15625,5111.72239729171,319.482649830732,0.9893
"937",937,4,17,0.147058823529412,5011.04084187278,294.767108345457,0.9915
"938",938,4,18,0.138888888888889,5687.99249284357,315.999582935754,0.9923
"939",939,4,19,0.131578947368421,5506.83213270656,289.83327014245,0.9925
"940",940,4,20,0.125,5371.42659899508,268.571329949754,0.9939
"941",941,10,1,2.5,0,0,0
"942",942,10,2,1.25,13.2986865326521,6.64934326632604,0.0055
"943",943,10,3,0.833333333333333,916.401482337064,305.467160779021,0.2659
"944",944,10,4,0.625,2336.19356366524,584.048390916311,0.6063
"945",945,10,5,0.5,3688.18338199003,737.636676398006,0.7724
"946",946,10,6,0.416666666666667,4297.61992244073,716.269987073454,0.8556
"947",947,10,7,0.357142857142857,4463.55543927758,637.650777039655,0.903
"948",948,10,8,0.3125,4636.59191273279,579.573989091599,0.9241
"949",949,10,9,0.277777777777778,4881.90955065245,542.434394516938,0.9441
"950",950,10,10,0.25,4822.53780123843,482.253780123843,0.9556
"951",951,10,11,0.227272727272727,4989.92020141505,453.62910921955,0.964
"952",952,10,12,0.208333333333333,4987.76425001298,415.647020834415,0.9685
"953",953,10,13,0.192307692307692,4571.60008271338,351.661544824106,0.9737
"954",954,10,14,0.178571428571429,4742.48510807691,338.748936291208,0.9774
"955",955,10,15,0.166666666666667,4469.91367456525,297.994244971016,0.9792
"956",956,10,16,0.15625,5117.00996982867,319.813123114292,0.9827
"957",957,10,17,0.147058823529412,5138.63954811662,302.272914595096,0.9847
"958",958,10,18,0.138888888888889,4764.52094177166,264.695607876203,0.9855
"959",959,10,19,0.131578947368421,5001.56802824453,263.240422539186,0.9878
"960",960,10,20,0.125,5171.41427275333,258.570713637667,0.9897
"961",961,50,1,2.5,0,0,0
"962",962,50,2,1.25,0,0,0
"963",963,50,3,0.833333333333333,13.6342281363536,4.54474271211786,0.0085
"964",964,50,4,0.625,486.108119224543,121.527029806136,0.2158
"965",965,50,5,0.5,1660.75230282337,332.150460564673,0.5024
"966",966,50,6,0.416666666666667,2559.77353495077,426.628922491795,0.6752
"967",967,50,7,0.357142857142857,3343.04215020872,477.577450029817,0.7844
"968",968,50,8,0.3125,3505.1726429855,438.146580373187,0.8314
"969",969,50,9,0.277777777777778,4116.8678912531,457.429765694789,0.8665
"970",970,50,10,0.25,4413.16739985664,441.316739985664,0.8954
"971",971,50,11,0.227272727272727,3916.29576388784,356.026887626167,0.9135
"972",972,50,12,0.208333333333333,4430.56626767817,369.213855639848,0.9315
"973",973,50,13,0.192307692307692,4461.83603398651,343.218156460501,0.9406
"974",974,50,14,0.178571428571429,4183.61540659635,298.829671899739,0.9467
"975",975,50,15,0.166666666666667,4380.80913566564,292.05394237771,0.9528
"976",976,50,16,0.15625,3803.36293611103,237.71018350694,0.9587
"977",977,50,17,0.147058823529412,4355.20058285766,256.188269579862,0.9642
"978",978,50,18,0.138888888888889,4787.83805195258,265.991002886254,0.9711
"979",979,50,19,0.131578947368421,4372.95568306924,230.155562266802,0.9696
"980",980,50,20,0.125,4235.19635770989,211.759817885495,0.9746
"981",981,100,1,2.5,0,0,0
"982",982,100,2,1.25,0,0,0
"983",983,100,3,0.833333333333333,1.19103515152474,0.397011717174912,4e-04
"984",984,100,4,0.625,118.321280909237,29.5803202273092,0.0832
"985",985,100,5,0.5,869.450545169196,173.890109033839,0.3404
"986",986,100,6,0.416666666666667,1942.32053581026,323.720089301709,0.5628
"987",987,100,7,0.357142857142857,2422.26471375974,346.037816251391,0.6935
"988",988,100,8,0.3125,3103.75640837132,387.969551046414,0.7702
"989",989,100,9,0.277777777777778,3457.19062705873,384.132291895414,0.8266
"990",990,100,10,0.25,3550.55379876052,355.055379876052,0.849
"991",991,100,11,0.227272727272727,3846.52486320959,349.684078473599,0.8837
"992",992,100,12,0.208333333333333,3857.81088124007,321.484240103339,0.9021
"993",993,100,13,0.192307692307692,4263.33097102988,327.948536233068,0.9094
"994",994,100,14,0.178571428571429,4242.62636347733,303.044740248381,0.9263
"995",995,100,15,0.166666666666667,4529.85244653,301.990163102,0.9372
"996",996,100,16,0.15625,4289.69845413854,268.106153383659,0.9467
"997",997,100,17,0.147058823529412,4375.21779385285,257.36575257958,0.9496
"998",998,100,18,0.138888888888889,4400.69214132959,244.482896740533,0.9554
"999",999,100,19,0.131578947368421,4458.33260277462,234.649084356559,0.9608
"1000",1000,100,20,0.125,4396.67413969356,219.833706984678,0.9651
"1001",1,500,1,2.5,0,0,0
"1002",2,500,2,1.25,0,0,0
"1003",3,500,3,0.833333333333333,0,0,0
"1004",4,500,4,0.625,0,0,0
"1005",5,500,5,0.5,24.0142906755354,4.80285813510709,0.0236
"1006",6,500,6,0.416666666666667,192.917996515262,32.1529994192103,0.1817
"1007",7,500,7,0.357142857142857,798.964399030073,114.13777129001,0.3684
"1008",8,500,8,0.3125,1343.82180445902,167.977725557377,0.5095
"1009",9,500,9,0.277777777777778,1668.91133110677,185.434592345197,0.5988
"1010",10,500,10,0.25,2056.72724670289,205.672724670289,0.6724
"1011",11,500,11,0.227272727272727,2475.57556088602,225.052323716911,0.7215
"1012",12,500,12,0.208333333333333,2961.49636736236,246.791363946863,0.7792
"1013",13,500,13,0.192307692307692,3064.8600736215,235.758467201654,0.8104
"1014",14,500,14,0.178571428571429,3005.14506356377,214.653218825983,0.8341
"1015",15,500,15,0.166666666666667,3393.93939377004,226.262626251336,0.8559
"1016",16,500,16,0.15625,3819.85721755231,238.741076097019,0.8771
"1017",17,500,17,0.147058823529412,3734.65969014683,219.685864126284,0.8889
"1018",18,500,18,0.138888888888889,3971.58203818857,220.643446566032,0.9022
"1019",19,500,19,0.131578947368421,3588.02177086524,188.843251098171,0.9089
"1020",20,500,20,0.125,4111.16212856085,205.558106428043,0.9182
"1021",21,500,1,2.5,0,0,0
"1022",22,500,2,1.25,0,0,0
"1023",23,500,3,0.833333333333333,0,0,0
"1024",24,500,4,0.625,0,0,0
"1025",25,500,5,0.5,51.9701590416306,10.3940318083261,0.041
"1026",26,500,6,0.416666666666667,138.477592586185,23.0795987643642,0.1897
"1027",27,500,7,0.357142857142857,537.496234475693,76.7851763536705,0.3857
"1028",28,500,8,0.3125,1264.80493002701,158.100616253376,0.5088
"1029",29,500,9,0.277777777777778,1975.80622210319,219.534024678132,0.6155
"1030",30,500,10,0.25,2043.12472519728,204.312472519728,0.6709
"1031",31,500,11,0.227272727272727,2592.16459132814,235.651326484376,0.7299
"1032",32,500,12,0.208333333333333,2936.89960180703,244.741633483919,0.7827
"1033",33,500,13,0.192307692307692,3071.83101531143,236.294693485495,0.8096
"1034",34,500,14,0.178571428571429,3100.15319498959,221.439513927828,0.8441
"1035",35,500,15,0.166666666666667,3521.4189417689,234.761262784593,0.8583
"1036",36,500,16,0.15625,3470.08655508196,216.880409692622,0.8727
"1037",37,500,17,0.147058823529412,3744.82329192544,220.283723054438,0.8868
"1038",38,500,18,0.138888888888889,3712.31624643727,206.239791468737,0.9081
"1039",39,500,19,0.131578947368421,3809.79645939478,200.515603126041,0.9141
"1040",40,500,20,0.125,3649.51851678595,182.475925839298,0.9232
"1041",41,500,1,2.5,0,0,0
"1042",42,500,2,1.25,0,0,0
"1043",43,500,3,0.833333333333333,0,0,0
"1044",44,500,4,0.625,0,0,0
"1045",45,500,5,0.5,34.9124159701926,6.98248319403852,0.0387
"1046",46,500,6,0.416666666666667,303.503473597638,50.583912266273,0.1862
"1047",47,500,7,0.357142857142857,426.829501878175,60.9756431254535,0.3821
"1048",48,500,8,0.3125,991.110977276091,123.888872159511,0.5072
"1049",49,500,9,0.277777777777778,1868.30340902217,207.58926766913,0.6014
"1050",50,500,10,0.25,2399.19077150144,239.919077150144,0.6871
"1051",51,500,11,0.227272727272727,2535.91531111721,230.53775555611,0.7299
"1052",52,500,12,0.208333333333333,2854.71073787981,237.892561489984,0.781
"1053",53,500,13,0.192307692307692,2875.45937369716,221.189182592089,0.8085
"1054",54,500,14,0.178571428571429,3214.47745704908,229.605532646363,0.8461
"1055",55,500,15,0.166666666666667,3578.40299305781,238.560199537187,0.8575
"1056",56,500,16,0.15625,3004.84701933409,187.802938708381,0.8751
"1057",57,500,17,0.147058823529412,3861.53539603138,227.149140943022,0.8947
"1058",58,500,18,0.138888888888889,3052.89805194731,169.605447330406,0.8922
"1059",59,500,19,0.131578947368421,3941.26367856275,207.434930450671,0.9093
"1060",60,500,20,0.125,3749.48493051,187.4742465255,0.9184
"1061",1,1000,1,2.5,0,0,0
"1062",2,1000,2,1.25,0,0,0
"1063",3,1000,3,0.833333333333333,0,0,0
"1064",4,1000,4,0.625,0,0,0
"1065",5,1000,5,0.5,2.56674065832499,0.513348131664998,0.0032
"1066",6,1000,6,0.416666666666667,51.6066486089862,8.6011081014977,0.0679
"1067",7,1000,7,0.357142857142857,190.057069047951,27.151009863993,0.2032
"1068",8,1000,8,0.3125,253.831609875155,31.7289512343944,0.3413
"1069",9,1000,9,0.277777777777778,938.995226669625,104.332802963292,0.4645
"1070",10,1000,10,0.25,1146.74869599388,114.674869599388,0.5596
"1071",11,1000,11,0.227272727272727,1857.18522276121,168.835020251019,0.6211
"1072",12,1000,12,0.208333333333333,2241.85753903428,186.82146158619,0.7002
"1073",13,1000,13,0.192307692307692,2370.87626937723,182.375097644402,0.7288
"1074",14,1000,14,0.178571428571429,2647.19775255419,189.085553753871,0.7711
"1075",15,1000,15,0.166666666666667,2545.4575081921,169.697167212807,0.794
"1076",16,1000,16,0.15625,3201.74482561629,200.109051601018,0.8294
"1077",17,1000,17,0.147058823529412,3407.4449413218,200.437937724812,0.8454
"1078",18,1000,18,0.138888888888889,3640.56384777337,202.25354709852,0.8645
"1079",19,1000,19,0.131578947368421,3447.01387443477,181.421782864988,0.8749
"1080",20,1000,20,0.125,3501.42467684277,175.071233842138,0.8759
"1081",21,1000,1,2.5,0,0,0
"1082",22,1000,2,1.25,0,0,0
"1083",23,1000,3,0.833333333333333,0,0,0
"1084",24,1000,4,0.625,0,0,0
"1085",25,1000,5,0.5,2.04302567920003,0.408605135840006,0.0022
"1086",26,1000,6,0.416666666666667,34.8314345625309,5.80523909375515,0.0564
"1087",27,1000,7,0.357142857142857,175.618770445518,25.0883957779311,0.1956
"1088",28,1000,8,0.3125,426.734685217302,53.3418356521627,0.3506
"1089",29,1000,9,0.277777777777778,953.621032323336,105.957892480371,0.4529
"1090",30,1000,10,0.25,1504.23590519979,150.423590519979,0.553
"1091",31,1000,11,0.227272727272727,1757.52263983437,159.774785439488,0.6363
"1092",32,1000,12,0.208333333333333,2275.48213021677,189.623510851397,0.6862
"1093",33,1000,13,0.192307692307692,2629.61230515991,202.277869627685,0.7417
"1094",34,1000,14,0.178571428571429,2653.67873480209,189.548481057292,0.7721
"1095",35,1000,15,0.166666666666667,3130.41306033598,208.694204022399,0.7947
"1096",36,1000,16,0.15625,2996.51575390974,187.282234619359,0.8196
"1097",37,1000,17,0.147058823529412,3042.09575088577,178.946808875633,0.8456
"1098",38,1000,18,0.138888888888889,3432.96431435518,190.720239686399,0.8632
"1099",39,1000,19,0.131578947368421,3324.97407328226,174.998635435909,0.8789
"1100",40,1000,20,0.125,3557.90143498682,177.895071749341,0.8829
"1101",41,1000,1,2.5,0,0,0
"1102",42,1000,2,1.25,0,0,0
"1103",43,1000,3,0.833333333333333,0,0,0
"1104",44,1000,4,0.625,0,0,0
"1105",45,1000,5,0.5,1.80356850389693,0.360713700779385,0.0014
"1106",46,1000,6,0.416666666666667,51.7694816864084,8.62824694773474,0.0629
"1107",47,1000,7,0.357142857142857,134.773657537114,19.2533796481591,0.2023
"1108",48,1000,8,0.3125,250.268375872843,31.2835469841054,0.3353
"1109",49,1000,9,0.277777777777778,773.415673610634,85.935074845626,0.46
"1110",50,1000,10,0.25,1351.90705183998,135.190705183998,0.5605
"1111",51,1000,11,0.227272727272727,1614.39202027175,146.762910933796,0.6263
"1112",52,1000,12,0.208333333333333,2292.83820020777,191.069850017314,0.6849
"1113",53,1000,13,0.192307692307692,2393.53359592245,184.117968917112,0.7475
"1114",54,1000,14,0.178571428571429,2441.27197446994,174.376569604996,0.7654
"1115",55,1000,15,0.166666666666667,2602.8438468798,173.52292312532,0.7933
"1116",56,1000,16,0.15625,2918.79732283189,182.424832676993,0.8273
"1117",57,1000,17,0.147058823529412,3165.02133664,186.177725684706,0.8414
"1118",58,1000,18,0.138888888888889,3086.70928319758,171.483849066532,0.8586
"1119",59,1000,19,0.131578947368421,3357.07319312738,176.688062796178,0.8739
"1120",60,1000,20,0.125,3703.02106120136,185.151053060068,0.8913
"1121",61,1000,1,2.5,0,0,0
"1122",62,1000,2,1.25,0,0,0
"1123",63,1000,3,0.833333333333333,0,0,0
"1124",64,1000,4,0.625,0,0,0
"1125",65,1000,5,0.5,0,0,0
"1126",66,1000,6,0.416666666666667,44.5134410802669,7.41890684671115,0.0673
"1127",67,1000,7,0.357142857142857,177.673073109123,25.3818675870176,0.1968
"1128",68,1000,8,0.3125,437.098102389411,54.6372627986764,0.3443
"1129",69,1000,9,0.277777777777778,894.652214031741,99.4058015590823,0.4623
"1130",70,1000,10,0.25,1168.30052616009,116.830052616009,0.5537
"1131",71,1000,11,0.227272727272727,1733.75065360984,157.613695782713,0.6415
"1132",72,1000,12,0.208333333333333,2154.08799834306,179.507333195255,0.6795
"1133",73,1000,13,0.192307692307692,2476.09334645927,190.468718958406,0.7306
"1134",74,1000,14,0.178571428571429,2245.12173588997,160.365838277855,0.7726
"1135",75,1000,15,0.166666666666667,3027.56857722797,201.837905148531,0.7988
"1136",76,1000,16,0.15625,2478.72920918295,154.920575573934,0.8247
"1137",77,1000,17,0.147058823529412,3133.40060133924,184.31768243172,0.8304
"1138",78,1000,18,0.138888888888889,3393.57718343268,188.53206574626,0.8539
"1139",79,1000,19,0.131578947368421,2808.54153129056,147.817975331082,0.8785
"1140",80,1000,20,0.125,3480.59245788637,174.029622894318,0.8899
"1141",81,1000,1,2.5,0,0,0
"1142",82,1000,2,1.25,0,0,0
"1143",83,1000,3,0.833333333333333,0,0,0
"1144",84,1000,4,0.625,0,0,0
"1145",85,1000,5,0.5,1.31791803666731,0.263583607333463,0.0019
"1146",86,1000,6,0.416666666666667,8.85658057059437,1.47609676176573,0.0406
"1147",87,1000,7,0.357142857142857,165.476438805705,23.6394912579578,0.1979
"1148",88,1000,8,0.3125,339.371579980769,42.4214474975962,0.3423
"1149",89,1000,9,0.277777777777778,773.500376646128,85.9444862940143,0.4776
"1150",90,1000,10,0.25,1438.18621134615,143.818621134615,0.5505
"1151",91,1000,11,0.227272727272727,1785.79478541636,162.344980492396,0.6208
"1152",92,1000,12,0.208333333333333,2369.37329120443,197.447774267036,0.7011
"1153",93,1000,13,0.192307692307692,1906.56953684071,146.659195141593,0.7345
"1154",94,1000,14,0.178571428571429,2522.43364307313,180.173831648081,0.7694
"1155",95,1000,15,0.166666666666667,2879.31315169667,191.954210113111,0.7881
"1156",96,1000,16,0.15625,2713.87071996453,169.616919997783,0.8357
"1157",97,1000,17,0.147058823529412,3293.54291015971,193.737818244689,0.8373
"1158",98,1000,18,0.138888888888889,3495.91334825054,194.217408236141,0.8627
"1159",99,1000,19,0.131578947368421,3539.18710632846,186.273005596235,0.8724
"1160",100,1000,20,0.125,3088.03610034122,154.401805017061,0.8853
"1161",101,1000,1,2.5,0,0,0
"1162",102,1000,2,1.25,0,0,0
"1163",103,1000,3,0.833333333333333,0,0,0
"1164",104,1000,4,0.625,0,0,0
"1165",105,1000,5,0.5,4.21935792634901,0.843871585269803,0.001
"1166",106,1000,6,0.416666666666667,49.1618130462547,8.19363550770911,0.0623
"1167",107,1000,7,0.357142857142857,145.874015542663,20.8391450775233,0.1895
"1168",108,1000,8,0.3125,553.29548006391,69.1619350079887,0.3544
"1169",109,1000,9,0.277777777777778,938.863590742685,104.318176749187,0.4613
"1170",110,1000,10,0.25,1450.48496737277,145.048496737277,0.5515
"1171",111,1000,11,0.227272727272727,1729.44948737108,157.222680670099,0.622
"1172",112,1000,12,0.208333333333333,2071.78624418103,172.648853681753,0.7
"1173",113,1000,13,0.192307692307692,2657.84444931324,204.449573024095,0.7323
"1174",114,1000,14,0.178571428571429,2817.21915451135,201.229939607953,0.7775
"1175",115,1000,15,0.166666666666667,2848.00800214277,189.867200142851,0.8059
"1176",116,1000,16,0.15625,3124.9994297743,195.312464360894,0.8282
"1177",117,1000,17,0.147058823529412,3365.22362636033,197.954330962373,0.847
"1178",118,1000,18,0.138888888888889,3237.77267970812,179.876259983784,0.8592
"1179",119,1000,19,0.131578947368421,3431.33412304798,180.596532791999,0.8734
"1180",120,1000,20,0.125,3612.38965544182,180.619482772091,0.8893
"1181",121,1000,1,2.5,0,0,0
"1182",122,1000,2,1.25,0,0,0
"1183",123,1000,3,0.833333333333333,0,0,0
"1184",124,1000,4,0.625,0,0,0
"1185",125,1000,5,0.5,2.00939167593497,0.401878335186994,0.0017
"1186",126,1000,6,0.416666666666667,46.0250006737421,7.67083344562368,0.0634
"1187",127,1000,7,0.357142857142857,243.652840053468,34.8075485790669,0.2041
"1188",128,1000,8,0.3125,472.344904172311,59.0431130215388,0.3369
"1189",129,1000,9,0.277777777777778,618.209542790776,68.6899491989751,0.4758
"1190",130,1000,10,0.25,1660.51879996138,166.051879996138,0.5694
"1191",131,1000,11,0.227272727272727,1794.2963369365,163.117848812409,0.6332
"1192",132,1000,12,0.208333333333333,2206.33082456634,183.860902047195,0.6873
"1193",133,1000,13,0.192307692307692,2578.50902776357,198.346848289506,0.7319
"1194",134,1000,14,0.178571428571429,2735.47349841077,195.390964172198,0.7697
"1195",135,1000,15,0.166666666666667,2986.62643671349,199.108429114233,0.7951
"1196",136,1000,16,0.15625,3156.87746956988,197.304841848117,0.8234
"1197",137,1000,17,0.147058823529412,2927.81034093522,172.224137702072,0.8499
"1198",138,1000,18,0.138888888888889,3241.79549788119,180.099749882288,0.856
"1199",139,1000,19,0.131578947368421,3201.65634219661,168.508228536664,0.8739
"1200",140,1000,20,0.125,2981.22036976004,149.061018488002,0.8909
"1201",141,1000,1,2.5,0,0,0
"1202",142,1000,2,1.25,0,0,0
"1203",143,1000,3,0.833333333333333,0,0,0
"1204",144,1000,4,0.625,0,0,0
"1205",145,1000,5,0.5,1.3670396282538,0.273407925650759,0.0019
"1206",146,1000,6,0.416666666666667,32.1603496236102,5.3600582706017,0.0608
"1207",147,1000,7,0.357142857142857,289.510793754931,41.3586848221329,0.2045
"1208",148,1000,8,0.3125,367.30819976376,45.91352497047,0.3424
"1209",149,1000,9,0.277777777777778,905.240595016796,100.5822883352,0.4693
"1210",150,1000,10,0.25,1540.99781799837,154.099781799837,0.5574
"1211",151,1000,11,0.227272727272727,1973.87334216608,179.443031106008,0.6338
"1212",152,1000,12,0.208333333333333,2162.36838861312,180.19736571776,0.6872
"1213",153,1000,13,0.192307692307692,2358.43009347257,181.41769949789,0.7381
"1214",154,1000,14,0.178571428571429,2776.81971748745,198.344265534818,0.7758
"1215",155,1000,15,0.166666666666667,2796.8834822939,186.458898819593,0.7924
"1216",156,1000,16,0.15625,3172.65128843385,198.290705527116,0.8285
"1217",157,1000,17,0.147058823529412,3328.34276215526,195.784868362074,0.8469
"1218",158,1000,18,0.138888888888889,3282.34211482231,182.35233971235,0.8547
"1219",159,1000,19,0.131578947368421,3608.76769052083,189.935141606359,0.8751
"1220",160,1000,20,0.125,3398.67055776337,169.933527888169,0.8894
"1221",161,1000,1,2.5,0,0,0
"1222",162,1000,2,1.25,0,0,0
"1223",163,1000,3,0.833333333333333,0,0,0
"1224",164,1000,4,0.625,0,0,0
"1225",165,1000,5,0.5,2.31660704310723,0.463321408621445,0.003
"1226",166,1000,6,0.416666666666667,37.4016670632194,6.23361117720323,0.0693
"1227",167,1000,7,0.357142857142857,61.5433577632171,8.79190825188816,0.1784
"1228",168,1000,8,0.3125,457.569546303058,57.1961932878823,0.3398
"1229",169,1000,9,0.277777777777778,966.824603811529,107.424955979059,0.4625
"1230",170,1000,10,0.25,1400.90691692012,140.090691692012,0.546
"1231",171,1000,11,0.227272727272727,1728.68105847522,157.152823497747,0.6154
"1232",172,1000,12,0.208333333333333,2037.20524347303,169.767103622752,0.688
"1233",173,1000,13,0.192307692307692,1713.64102942321,131.818540724862,0.735
"1234",174,1000,14,0.178571428571429,2513.66999142686,179.54785653049,0.7812
"1235",175,1000,15,0.166666666666667,2953.09892001811,196.873261334541,0.8038
"1236",176,1000,16,0.15625,3025.03477802221,189.064673626388,0.8257
"1237",177,1000,17,0.147058823529412,2908.09632161988,171.064489507052,0.8432
"1238",178,1000,18,0.138888888888889,2955.95422666342,164.219679259079,0.8556
"1239",179,1000,19,0.131578947368421,3557.90699559219,187.258262925905,0.8768
"1240",180,1000,20,0.125,3610.06880974431,180.503440487215,0.8885
"1241",181,1000,1,2.5,0,0,0
"1242",182,1000,2,1.25,0,0,0
"1243",183,1000,3,0.833333333333333,0,0,0
"1244",184,1000,4,0.625,0,0,0
"1245",185,1000,5,0.5,1.92790694070031,0.385581388140061,3e-04
"1246",186,1000,6,0.416666666666667,30.4427294667867,5.07378824446445,0.0402
"1247",187,1000,7,0.357142857142857,158.549451512307,22.6499216446154,0.1919
"1248",188,1000,8,0.3125,290.889714843491,36.3612143554364,0.3259
"1249",189,1000,9,0.277777777777778,923.583634389109,102.620403821012,0.4587
"1250",190,1000,10,0.25,1430.21825593026,143.021825593026,0.5582
"1251",191,1000,11,0.227272727272727,1823.42038696654,165.765489724231,0.629
"1252",192,1000,12,0.208333333333333,2230.38789888914,185.865658240762,0.6855
"1253",193,1000,13,0.192307692307692,2630.74468195633,202.364975535102,0.7414
"1254",194,1000,14,0.178571428571429,2740.27516039908,195.733940028506,0.7749
"1255",195,1000,15,0.166666666666667,3145.3584914965,209.690566099767,0.8062
"1256",196,1000,16,0.15625,2347.26159456268,146.703849660167,0.8166
"1257",197,1000,17,0.147058823529412,2912.67434080146,171.333784753027,0.8414
"1258",198,1000,18,0.138888888888889,3278.08645328246,182.115914071248,0.867
"1259",199,1000,19,0.131578947368421,3542.25436783762,186.434440412506,0.8762
"1260",200,1000,20,0.125,3438.46703425158,171.923351712579,0.8889
