"","Dimension","L","Stepsize","ESS","ESS.L","AR"
"1",2,1,1.4,5624.73961433929,5624.73961433929,0.6814
"2",2,2,0.7,6330.55672839081,3165.27836419541,0.9341
"3",2,3,0.466666666666667,6292.81367627382,2097.60455875794,0.9704
"4",2,4,0.35,6350.5731543185,1587.64328857963,0.984
"5",2,5,0.28,6443.31462403852,1288.6629248077,0.9891
"6",2,6,0.233333333333333,6437.32624304187,1072.88770717364,0.9933
"7",2,7,0.2,6100.73104277855,871.533006111221,0.9961
"8",2,8,0.175,6339.00407403986,792.375509254983,0.9967
"9",2,9,0.155555555555556,6317.25827489168,701.917586099075,0.9968
"10",2,10,0.14,6277.11612494049,627.711612494049,0.9984
"11",2,11,0.127272727272727,6622.86063835667,602.078239850607,0.9981
"12",2,12,0.116666666666667,5976.59845280729,498.049871067274,0.9986
"13",2,13,0.107692307692308,6324.54640680432,486.503569754178,0.9987
"14",2,14,0.1,6069.50356334988,433.535968810706,0.9989
"15",2,15,0.0933333333333333,6060.78182618148,404.052121745432,0.999
"16",2,16,0.0875,6243.96445299931,390.247778312457,0.9988
"17",5,1,1.4,3059.41439075986,3059.41439075986,0.4808
"18",5,2,0.7,5928.42341737923,2964.21170868962,0.8879
"19",5,3,0.466666666666667,6113.03451525329,2037.6781717511,0.9551
"20",5,4,0.35,5936.40930830907,1484.10232707727,0.9727
"21",5,5,0.28,6125.51587015141,1225.10317403028,0.9823
"22",5,6,0.233333333333333,5570.20881178568,928.368135297613,0.9885
"23",5,7,0.2,6070.33011372468,867.190016246382,0.9915
"24",5,8,0.175,5789.36943780549,723.671179725686,0.9944
"25",5,9,0.155555555555556,5764.10295721392,640.45588413488,0.9953
"26",5,10,0.14,6108.89162818005,610.889162818005,0.9967
"27",5,11,0.127272727272727,6014.09749053432,546.73613550312,0.9968
"28",5,12,0.116666666666667,6279.29132535928,523.274277113273,0.9975
"29",5,13,0.107692307692308,5533.51606705948,425.655082081498,0.9977
"30",5,14,0.1,6128.86012063469,437.775722902478,0.9973
"31",5,15,0.0933333333333333,6231.57026858438,415.438017905625,0.9981
"32",5,16,0.0875,6151.53130427352,384.470706517095,0.9976
"33",10,1,1.4,1255.85790456582,1255.85790456582,0.306
"34",10,2,0.7,5330.50029795088,2665.25014897544,0.8457
"35",10,3,0.466666666666667,5903.77249751597,1967.92416583866,0.9329
"36",10,4,0.35,5810.7530948602,1452.68827371505,0.9599
"37",10,5,0.28,6154.18178510884,1230.83635702177,0.9761
"38",10,6,0.233333333333333,6015.54189074379,1002.59031512396,0.9846
"39",10,7,0.2,6045.15367483314,863.59338211902,0.9889
"40",10,8,0.175,5960.53863610151,745.067329512689,0.9898
"41",10,9,0.155555555555556,6145.64319197328,682.849243552587,0.9926
"42",10,10,0.14,6007.05578963131,600.705578963131,0.9936
"43",10,11,0.127272727272727,6062.81899251129,551.165362955571,0.9949
"44",10,12,0.116666666666667,6206.54479634121,517.212066361768,0.997
"45",10,13,0.107692307692308,5581.25776855692,429.327520658225,0.9963
"46",10,14,0.1,6186.32294985385,441.880210703847,0.996
"47",10,15,0.0933333333333333,5878.03625642005,391.869083761337,0.9972
"48",10,16,0.0875,5917.17574327951,369.823483954969,0.9976
"49",20,1,1.4,278.407999312124,278.407999312124,0.1297
"50",20,2,0.7,4566.60056053922,2283.30028026961,0.7852
"51",20,3,0.466666666666667,5151.36663186125,1717.12221062042,0.906
"52",20,4,0.35,5772.28722634483,1443.07180658621,0.9456
"53",20,5,0.28,5816.66478057283,1163.33295611457,0.9644
"54",20,6,0.233333333333333,5219.67908982728,869.946514971214,0.9781
"55",20,7,0.2,5648.12473250193,806.87496178599,0.9831
"56",20,8,0.175,5892.57018767781,736.571273459726,0.9872
"57",20,9,0.155555555555556,6015.52412901382,668.391569890425,0.9877
"58",20,10,0.14,5882.50614884098,588.250614884098,0.9912
"59",20,11,0.127272727272727,5748.25508832873,522.568644393521,0.9939
"60",20,12,0.116666666666667,5626.06760115014,468.838966762512,0.9949
"61",20,13,0.107692307692308,5856.44352482269,450.495655755592,0.9952
"62",20,14,0.1,5690.00833526369,406.429166804549,0.9959
"63",20,15,0.0933333333333333,6070.48449520943,404.698966347295,0.9953
"64",20,16,0.0875,5996.59593703943,374.787246064964,0.9973
"65",50,1,1.4,26.3400956621296,26.3400956621296,0.0211
"66",50,2,0.7,3069.42169342422,1534.71084671211,0.6474
"67",50,3,0.466666666666667,4500.19494660052,1500.06498220017,0.8394
"68",50,4,0.35,5357.11406207647,1339.27851551912,0.9123
"69",50,5,0.28,5332.27327521352,1066.4546550427,0.9459
"70",50,6,0.233333333333333,5535.95885438951,922.659809064918,0.963
"71",50,7,0.2,5823.91807109638,831.988295870911,0.9756
"72",50,8,0.175,5867.82171546003,733.477714432504,0.9792
"73",50,9,0.155555555555556,5222.27808164231,580.253120182479,0.9822
"74",50,10,0.14,5372.63099063823,537.263099063823,0.9878
"75",50,11,0.127272727272727,5770.27818018812,524.570743653466,0.989
"76",50,12,0.116666666666667,5162.62974485817,430.219145404847,0.99
"77",50,13,0.107692307692308,5574.73504025162,428.825772327048,0.9917
"78",50,14,0.1,5923.00244823652,423.071603445465,0.9938
"79",50,15,0.0933333333333333,5679.24454807267,378.616303204844,0.9929
"80",50,16,0.0875,5560.97067425686,347.560667141054,0.9946
"81",100,1,1.4,0,0,0
"82",100,2,0.7,1833.5592243384,916.779612169201,0.5077
"83",100,3,0.466666666666667,3761.15683636467,1253.71894545489,0.7887
"84",100,4,0.35,4600.10878461982,1150.02719615495,0.8748
"85",100,5,0.28,4983.10416617815,996.620833235629,0.9256
"86",100,6,0.233333333333333,5396.05507913817,899.342513189695,0.9452
"87",100,7,0.2,5188.11611179924,741.159444542748,0.9611
"88",100,8,0.175,5342.91857064693,667.864821330866,0.9703
"89",100,9,0.155555555555556,5166.85568788744,574.095076431937,0.9782
"90",100,10,0.14,5811.26365263212,581.126365263212,0.9819
"91",100,11,0.127272727272727,4608.1400432445,418.921822113137,0.9853
"92",100,12,0.116666666666667,5602.8799827778,466.906665231483,0.9851
"93",100,13,0.107692307692308,5226.71214100098,402.054780076998,0.9898
"94",100,14,0.1,4859.28705482271,347.091932487336,0.9884
"95",100,15,0.0933333333333333,5798.43402998665,386.562268665777,0.991
"96",100,16,0.0875,5463.30750396089,341.456718997556,0.9933
