"","Dimension","L","Stepsize","ESS","ESS.L","AR"
"1",50,1,2.5,0,0,0
"2",50,2,1.25,0,0,0
"3",50,3,0.833333333333333,16.2378802653975,5.4126267551325,0.0078
"4",50,4,0.625,378.807997265938,94.7019993164844,0.2132
"5",50,5,0.5,1637.06056823521,327.412113647042,0.4953
"6",50,6,0.416666666666667,2539.60788274428,423.26798045738,0.6768
"7",50,7,0.357142857142857,2827.88229169024,403.983184527177,0.7819
"8",50,8,0.3125,3633.90917629048,454.23864703631,0.8235
"9",50,9,0.277777777777778,4235.47616754389,470.608463060432,0.8696
"10",50,10,0.25,4139.58878712775,413.958878712775,0.8976
"11",50,11,0.227272727272727,4011.16695990168,364.651541809244,0.9156
"12",50,12,0.208333333333333,4289.05647309268,357.421372757723,0.9262
"13",50,13,0.192307692307692,4098.90837870912,315.300644516086,0.9397
"14",50,14,0.178571428571429,4623.80718673251,330.271941909465,0.9509
"15",50,15,0.166666666666667,4523.27597321187,301.551731547458,0.9514
"16",50,16,0.15625,4409.39407184807,275.587129490504,0.9605
"17",50,17,0.147058823529412,5005.28511356776,294.428536092221,0.9647
"18",50,18,0.138888888888889,4519.68030684808,251.093350380449,0.9699
"19",50,19,0.131578947368421,4608.50592489913,242.552943415744,0.9733
"20",50,20,0.125,4773.40859042138,238.670429521069,0.9762
"21",50,1,2.5,0,0,0
"22",50,2,1.25,0,0,0
"23",50,3,0.833333333333333,12.3919186256088,4.13063954186961,0.0079
"24",50,4,0.625,422.495155710509,105.623788927627,0.224
"25",50,5,0.5,1541.82984661097,308.365969322193,0.4907
"26",50,6,0.416666666666667,2587.66387128053,431.277311880089,0.6789
"27",50,7,0.357142857142857,2949.11542974753,421.302204249647,0.7703
"28",50,8,0.3125,3507.87588770929,438.484485963661,0.8336
"29",50,9,0.277777777777778,3209.53178578612,356.614642865124,0.8698
"30",50,10,0.25,4150.5281360317,415.05281360317,0.8941
"31",50,11,0.227272727272727,4267.56166472534,387.960151338667,0.9127
"32",50,12,0.208333333333333,3682.69732853114,306.891444044262,0.926
"33",50,13,0.192307692307692,4736.40211591588,364.338624301222,0.9436
"34",50,14,0.178571428571429,4509.90239292541,322.135885208958,0.9481
"35",50,15,0.166666666666667,4244.14698357941,282.943132238627,0.9539
"36",50,16,0.15625,4814.78231855462,300.923894909664,0.964
"37",50,17,0.147058823529412,4271.62623999092,251.272131764171,0.9665
"38",50,18,0.138888888888889,4837.30295936332,268.739053297962,0.97
"39",50,19,0.131578947368421,4629.29816085491,243.647271623943,0.9709
"40",50,20,0.125,4513.46957543448,225.673478771724,0.9734
"41",50,1,2.5,0,0,0
"42",50,2,1.25,0,0,0
"43",50,3,0.833333333333333,16.4753029982264,5.49176766607547,0.0088
"44",50,4,0.625,581.643355787456,145.410838946864,0.2269
"45",50,5,0.5,1914.36915231125,382.873830462249,0.5045
"46",50,6,0.416666666666667,2759.44983936445,459.908306560742,0.6762
"47",50,7,0.357142857142857,3018.21741418963,431.173916312804,0.7704
"48",50,8,0.3125,3442.05811434079,430.257264292599,0.835
"49",50,9,0.277777777777778,3738.04930314944,415.338811461049,0.8694
"50",50,10,0.25,3942.21766457419,394.221766457419,0.8947
"51",50,11,0.227272727272727,4385.57526436938,398.688660397216,0.9207
"52",50,12,0.208333333333333,3961.74081524687,330.145067937239,0.9285
"53",50,13,0.192307692307692,4127.59690763249,317.507454433268,0.9385
"54",50,14,0.178571428571429,4550.80731984033,325.057665702881,0.9481
"55",50,15,0.166666666666667,3789.05782036877,252.603854691252,0.955
"56",50,16,0.15625,4495.94256233022,280.996410145639,0.9624
"57",50,17,0.147058823529412,4323.43393068852,254.319642981678,0.9689
"58",50,18,0.138888888888889,4824.14509898547,268.008061054748,0.9692
"59",50,19,0.131578947368421,4396.3912128136,231.389011200716,0.9686
"60",50,20,0.125,3660.96557251092,183.048278625546,0.9759
