"","Dimension","L","Stepsize","ESS","ESS.L","AR"
"1",5,1,2.5,7.86043078181607,7.86043078181607,0.0024
"2",5,2,1.25,187.705937139148,93.8529685695742,0.0746
"3",5,3,0.833333333333333,2481.5812950372,827.193765012399,0.5264
"4",5,4,0.625,3397.43489103204,849.35872275801,0.7675
"5",5,5,0.5,4136.8825108375,827.3765021675,0.8563
"6",5,6,0.416666666666667,4451.21742649642,741.869571082737,0.9164
"7",5,7,0.357142857142857,4702.10336541907,671.729052202725,0.9418
"8",5,8,0.3125,4787.84178196311,598.480222745389,0.9553
"9",5,9,0.277777777777778,4794.78963931229,532.754404368032,0.9669
"10",5,10,0.25,4906.3193042415,490.63193042415,0.9716
"11",5,11,0.227272727272727,5159.73703660789,469.06700332799,0.9792
"12",5,12,0.208333333333333,4823.75736148495,401.979780123746,0.9803
"13",5,13,0.192307692307692,5078.73607647611,390.672005882778,0.9832
"14",5,14,0.178571428571429,5256.59256214709,375.470897296221,0.9877
"15",5,15,0.166666666666667,5599.94599023029,373.32973268202,0.9888
"16",5,16,0.15625,4995.04479302655,312.19029956416,0.9899
"17",5,17,0.147058823529412,5072.55102562861,298.385354448742,0.9899
"18",5,18,0.138888888888889,5346.24925329705,297.013847405392,0.9914
"19",5,19,0.131578947368421,5328.78941582307,280.462600832793,0.9942
"20",5,20,0.125,4975.67068944264,248.783534472132,0.9937
"21",5,1,2.5,5.41162521864811,5.41162521864811,0.0022
"22",5,2,1.25,198.721102424832,99.3605512124162,0.067
"23",5,3,0.833333333333333,2356.46153193761,785.487177312536,0.5239
"24",5,4,0.625,3458.86096172592,864.71524043148,0.7583
"25",5,5,0.5,4226.66772275054,845.333544550109,0.8698
"26",5,6,0.416666666666667,4922.44782707624,820.407971179373,0.9205
"27",5,7,0.357142857142857,4679.08594579799,668.440849399713,0.9412
"28",5,8,0.3125,5048.02185682234,631.002732102792,0.9583
"29",5,9,0.277777777777778,4348.48804508421,483.16533834269,0.9686
"30",5,10,0.25,4790.27524731486,479.027524731486,0.9728
"31",5,11,0.227272727272727,4632.44830268387,421.131663880351,0.979
"32",5,12,0.208333333333333,4984.40115692644,415.366763077203,0.9839
"33",5,13,0.192307692307692,5057.82076720114,389.063135938549,0.9814
"34",5,14,0.178571428571429,5158.81801097745,368.487000784103,0.9855
"35",5,15,0.166666666666667,5259.36526729952,350.624351153302,0.9892
"36",5,16,0.15625,5518.50119746616,344.906324841635,0.989
"37",5,17,0.147058823529412,5415.6109966837,318.5653527461,0.9901
"38",5,18,0.138888888888889,5335.11743699659,296.395413166477,0.992
"39",5,19,0.131578947368421,5442.894251066,286.468118477158,0.9922
"40",5,20,0.125,5137.61370607109,256.880685303555,0.992
"41",5,1,2.5,3.80236153266083,3.80236153266083,0.0013
"42",5,2,1.25,183.319694501762,91.6598472508808,0.07
"43",5,3,0.833333333333333,2392.2668205802,797.422273526733,0.5287
"44",5,4,0.625,3964.27086282333,991.067715705834,0.7558
"45",5,5,0.5,4662.24301460027,932.448602920055,0.864
"46",5,6,0.416666666666667,4834.49003708353,805.748339513922,0.9121
"47",5,7,0.357142857142857,5021.52054527945,717.360077897065,0.9369
"48",5,8,0.3125,4902.01497579618,612.751871974523,0.9587
"49",5,9,0.277777777777778,4618.701832823,513.189092535888,0.9659
"50",5,10,0.25,5082.52729456325,508.252729456325,0.9736
"51",5,11,0.227272727272727,5108.59689407428,464.417899461298,0.9759
"52",5,12,0.208333333333333,4810.65855186164,400.888212655137,0.9805
"53",5,13,0.192307692307692,5130.3684406017,394.643726200131,0.9831
"54",5,14,0.178571428571429,5263.49191902662,375.963708501901,0.9867
"55",5,15,0.166666666666667,5238.02501741889,349.201667827926,0.9887
"56",5,16,0.15625,5362.27746995371,335.142341872107,0.9882
"57",5,17,0.147058823529412,5139.20143955451,302.305967032619,0.9892
"58",5,18,0.138888888888889,4926.45998038931,273.692221132739,0.9918
"59",5,19,0.131578947368421,5274.74235983703,277.618018938791,0.9921
"60",5,20,0.125,5481.82843397685,274.091421698842,0.994
