"","Dimension","L","Stepsize","ESS","ESS.L","AR"
"1",20,1,2.5,0,0,0
"2",20,2,1.25,0,0,0
"3",20,3,0.833333333333333,316.891297404251,105.630432468084,0.1103
"4",20,4,0.625,1630.72838143064,407.682095357659,0.4428
"5",20,5,0.5,2860.64312481103,572.128624962206,0.666
"6",20,6,0.416666666666667,3213.61184169087,535.601973615144,0.7945
"7",20,7,0.357142857142857,4106.03817033248,586.576881476068,0.856
"8",20,8,0.3125,4381.23933159084,547.654916448855,0.8958
"9",20,9,0.277777777777778,4629.45644866881,514.384049852089,0.9213
"10",20,10,0.25,4525.23294677351,452.523294677351,0.9349
"11",20,11,0.227272727272727,4729.99045901615,429.999132637832,0.9434
"12",20,12,0.208333333333333,4464.15425046379,372.012854205316,0.957
"13",20,13,0.192307692307692,4744.66278282687,364.974060217451,0.9615
"14",20,14,0.178571428571429,4960.23363478945,354.302402484961,0.9641
"15",20,15,0.166666666666667,4764.8956532484,317.65971021656,0.9741
"16",20,16,0.15625,4519.64252555542,282.477657847214,0.9748
"17",20,17,0.147058823529412,5041.24888127786,296.544051839874,0.9807
"18",20,18,0.138888888888889,5059.22786917795,281.06821495433,0.9789
"19",20,19,0.131578947368421,4646.93713427694,244.575638646155,0.9826
"20",20,20,0.125,5154.17086561316,257.708543280658,0.9844
"21",20,1,2.5,0,0,0
"22",20,2,1.25,0,0,0
"23",20,3,0.833333333333333,265.228500172051,88.4095000573502,0.1096
"24",20,4,0.625,1520.95711791575,380.239279478937,0.4437
"25",20,5,0.5,2790.37914350556,558.075828701113,0.6836
"26",20,6,0.416666666666667,3315.97807846326,552.66301307721,0.7927
"27",20,7,0.357142857142857,3903.35126889685,557.621609842407,0.8536
"28",20,8,0.3125,3923.55530897995,490.444413622494,0.8977
"29",20,9,0.277777777777778,4248.49477653581,472.054975170646,0.9205
"30",20,10,0.25,4759.0534505711,475.90534505711,0.9332
"31",20,11,0.227272727272727,4782.77277730939,434.797525209945,0.9445
"32",20,12,0.208333333333333,4715.09126346445,392.924271955371,0.9537
"33",20,13,0.192307692307692,4832.38169589717,371.721668915167,0.9627
"34",20,14,0.178571428571429,4572.33142401486,326.595101715347,0.9673
"35",20,15,0.166666666666667,4808.43237641361,320.562158427574,0.9694
"36",20,16,0.15625,4952.71282226687,309.544551391679,0.9728
"37",20,17,0.147058823529412,4343.33885765825,255.490521038721,0.9779
"38",20,18,0.138888888888889,5063.68011304906,281.315561836059,0.9795
"39",20,19,0.131578947368421,4930.24526624481,259.486592960253,0.9823
"40",20,20,0.125,3688.58406938092,184.429203469046,0.9851
"41",20,1,2.5,0,0,0
"42",20,2,1.25,0,0,0
"43",20,3,0.833333333333333,276.689389502074,92.2297965006914,0.1024
"44",20,4,0.625,1532.51351690467,383.128379226167,0.4418
"45",20,5,0.5,2476.38841216043,495.277682432085,0.685
"46",20,6,0.416666666666667,3435.91287168516,572.65214528086,0.7968
"47",20,7,0.357142857142857,3928.73118821549,561.247312602213,0.8506
"48",20,8,0.3125,4207.67408683714,525.959260854643,0.9005
"49",20,9,0.277777777777778,4689.61325199717,521.068139110797,0.9225
"50",20,10,0.25,4590.53347959309,459.053347959309,0.9369
"51",20,11,0.227272727272727,4626.28750470558,420.571591336871,0.9465
"52",20,12,0.208333333333333,4444.29727091775,370.358105909813,0.9499
"53",20,13,0.192307692307692,4892.80078687373,376.369291297979,0.9601
"54",20,14,0.178571428571429,4676.60948273626,334.043534481161,0.9664
"55",20,15,0.166666666666667,4619.64095527823,307.976063685215,0.9691
"56",20,16,0.15625,4382.05645130953,273.878528206845,0.9759
"57",20,17,0.147058823529412,4743.81552007866,279.047971769333,0.9779
"58",20,18,0.138888888888889,4377.68347424906,243.204637458281,0.9783
"59",20,19,0.131578947368421,4190.38357580435,220.546503989703,0.9843
"60",20,20,0.125,4456.82325836929,222.841162918465,0.9862
