"","Dimension","L","Stepsize","ESS","ESS.L","AR"
"1",2,1,2.5,64.9651492467386,64.9651492467386,0.0285
"2",2,2,1.25,811.87555687477,405.937778437385,0.2357
"3",2,3,0.833333333333333,3045.11448513644,1015.03816171215,0.704
"4",2,4,0.625,4599.51642760039,1149.8791069001,0.8526
"5",2,5,0.5,5083.84555305418,1016.76911061084,0.9139
"6",2,6,0.416666666666667,5551.18577220755,925.197628701259,0.9444
"7",2,7,0.357142857142857,5173.37877923395,739.054111319136,0.9621
"8",2,8,0.3125,5200.92129321722,650.115161652152,0.9729
"9",2,9,0.277777777777778,5469.04928209837,607.672142455374,0.9775
"10",2,10,0.25,5430.05240065467,543.005240065467,0.9842
"11",2,11,0.227272727272727,5628.79251736367,511.708410669425,0.986
"12",2,12,0.208333333333333,5186.322077252,432.193506437667,0.9878
"13",2,13,0.192307692307692,5729.45272740086,440.72713287699,0.9904
"14",2,14,0.178571428571429,5366.64174749059,383.331553392185,0.9915
"15",2,15,0.166666666666667,5405.25377302581,360.350251535054,0.9918
"16",2,16,0.15625,5559.51837897781,347.469898686113,0.9929
"17",2,17,0.147058823529412,5324.04329004118,313.179017061246,0.9963
"18",2,18,0.138888888888889,4769.59946539301,264.97774807739,0.9947
"19",2,19,0.131578947368421,5189.12713443095,273.111954443734,0.9949
"20",2,20,0.125,5366.509252433,268.32546262165,0.9965
"21",2,1,2.5,69.0544946818199,69.0544946818199,0.0318
"22",2,2,1.25,801.357603918762,400.678801959381,0.2291
"23",2,3,0.833333333333333,2962.43138251139,987.477127503797,0.697
"24",2,4,0.625,4563.55592552491,1140.88898138123,0.8503
"25",2,5,0.5,5173.89934018815,1034.77986803763,0.9193
"26",2,6,0.416666666666667,5315.43876662356,885.906461103926,0.9434
"27",2,7,0.357142857142857,5275.71378550843,753.673397929775,0.9622
"28",2,8,0.3125,5779.33068227601,722.416335284501,0.9719
"29",2,9,0.277777777777778,5511.3052737448,612.367252638311,0.9794
"30",2,10,0.25,4995.41316339988,499.541316339988,0.9815
"31",2,11,0.227272727272727,5390.72264388486,490.065694898624,0.9851
"32",2,12,0.208333333333333,5208.29007201733,434.024172668111,0.9862
"33",2,13,0.192307692307692,5828.74492828078,448.364994483137,0.9902
"34",2,14,0.178571428571429,5687.91279140145,406.279485100103,0.9869
"35",2,15,0.166666666666667,5249.4831429949,349.965542866327,0.9906
"36",2,16,0.15625,5402.1967059671,337.637294122944,0.9941
"37",2,17,0.147058823529412,5793.33433857292,340.784372857231,0.995
"38",2,18,0.138888888888889,5459.68468694953,303.31581594164,0.9958
"39",2,19,0.131578947368421,5314.08844601523,279.688865579749,0.995
"40",2,20,0.125,5675.22705272352,283.761352636176,0.9967
"41",2,1,2.5,31.730751908193,31.730751908193,0.0237
"42",2,2,1.25,764.562426904894,382.281213452447,0.2286
"43",2,3,0.833333333333333,3714.16983046999,1238.05661015666,0.699
"44",2,4,0.625,4527.03867679611,1131.75966919903,0.8473
"45",2,5,0.5,4774.05258662228,954.810517324455,0.9208
"46",2,6,0.416666666666667,4987.28993267666,831.214988779443,0.9441
"47",2,7,0.357142857142857,4806.84202724402,686.691718177717,0.9599
"48",2,8,0.3125,4938.83687095991,617.354608869989,0.9726
"49",2,9,0.277777777777778,4836.71095956152,537.412328840169,0.9751
"50",2,10,0.25,5243.11308936313,524.311308936313,0.9823
"51",2,11,0.227272727272727,5358.29806563696,487.118005966997,0.9849
"52",2,12,0.208333333333333,5965.10351040109,497.09195920009,0.9879
"53",2,13,0.192307692307692,5954.4030447786,458.031003444508,0.9901
"54",2,14,0.178571428571429,5338.36418748588,381.311727677563,0.9907
"55",2,15,0.166666666666667,5627.43323443744,375.162215629163,0.993
"56",2,16,0.15625,4831.84896199709,301.990560124818,0.994
"57",2,17,0.147058823529412,5663.32564674218,333.13680274954,0.9934
"58",2,18,0.138888888888889,5685.40874966192,315.856041647885,0.9942
"59",2,19,0.131578947368421,5786.43075945223,304.548987339591,0.9954
"60",2,20,0.125,5222.62822623697,261.131411311849,0.9957
