"","Dimension","L","Stepsize","ESS","ESS.L","AR"
"1",100,1,2.5,0,0,0
"2",100,2,1.25,0,0,0
"3",100,3,0.833333333333333,3.55573551342571,1.1852451711419,0.0018
"4",100,4,0.625,147.205476800937,36.8013692002344,0.0826
"5",100,5,0.5,745.832675799051,149.16653515981,0.3344
"6",100,6,0.416666666666667,1801.49364690407,300.248941150678,0.5449
"7",100,7,0.357142857142857,2337.01065282318,333.858664689026,0.6822
"8",100,8,0.3125,2509.70155666368,313.71269458296,0.7655
"9",100,9,0.277777777777778,3463.79724964727,384.866361071919,0.8252
"10",100,10,0.25,3760.28015706279,376.028015706279,0.8562
"11",100,11,0.227272727272727,3896.12613291627,354.19328481057,0.8806
"12",100,12,0.208333333333333,4028.52040074231,335.710033395192,0.9022
"13",100,13,0.192307692307692,4051.98842643025,311.691417417712,0.9146
"14",100,14,0.178571428571429,4149.87564801605,296.419689144003,0.9274
"15",100,15,0.166666666666667,4112.60052496829,274.173368331219,0.9359
"16",100,16,0.15625,4210.94685543473,263.18417846467,0.9446
"17",100,17,0.147058823529412,4540.23634929392,267.072726429054,0.9499
"18",100,18,0.138888888888889,4548.61964576208,252.701091431227,0.9555
"19",100,19,0.131578947368421,4487.51308297619,236.18489910401,0.9603
"20",100,20,0.125,4422.52376255721,221.12618812786,0.9628
"21",100,1,2.5,0,0,0
"22",100,2,1.25,0,0,0
"23",100,3,0.833333333333333,0,0,0
"24",100,4,0.625,134.298702085684,33.5746755214209,0.0788
"25",100,5,0.5,867.484241399062,173.496848279812,0.3536
"26",100,6,0.416666666666667,1686.59307881596,281.098846469327,0.5552
"27",100,7,0.357142857142857,2266.10576683017,323.729395261452,0.6852
"28",100,8,0.3125,2995.19597885817,374.399497357271,0.7656
"29",100,9,0.277777777777778,3355.09307850094,372.788119833438,0.8231
"30",100,10,0.25,3470.87227805684,347.087227805684,0.8498
"31",100,11,0.227272727272727,2978.01333322167,270.728484838334,0.8843
"32",100,12,0.208333333333333,3842.3094632614,320.192455271783,0.8961
"33",100,13,0.192307692307692,4233.66260272144,325.666354055495,0.9133
"34",100,14,0.178571428571429,4343.72713600418,310.266224000299,0.924
"35",100,15,0.166666666666667,4088.16313745973,272.544209163982,0.9331
"36",100,16,0.15625,4322.08239306554,270.130149566596,0.9453
"37",100,17,0.147058823529412,4594.68246318607,270.275439010945,0.9542
"38",100,18,0.138888888888889,4231.172368937,235.065131607611,0.957
"39",100,19,0.131578947368421,4729.6014009346,248.926389522874,0.9599
"40",100,20,0.125,4708.2540941039,235.412704705195,0.9648
"41",100,1,2.5,0,0,0
"42",100,2,1.25,0,0,0
"43",100,3,0.833333333333333,0,0,0
"44",100,4,0.625,146.329872381183,36.5824680952958,0.083
"45",100,5,0.5,759.468251737144,151.893650347429,0.338
"46",100,6,0.416666666666667,1943.58764264813,323.931273774688,0.5697
"47",100,7,0.357142857142857,2269.23363980105,324.176234257293,0.6863
"48",100,8,0.3125,3023.42531831014,377.928164788768,0.762
"49",100,9,0.277777777777778,3371.87765953978,374.653073282198,0.8195
"50",100,10,0.25,3725.04524877696,372.504524877696,0.8547
"51",100,11,0.227272727272727,3573.23163208309,324.839239280281,0.8749
"52",100,12,0.208333333333333,4125.58656678032,343.798880565027,0.8987
"53",100,13,0.192307692307692,4013.2573205379,308.712101579838,0.9163
"54",100,14,0.178571428571429,3820.36804176321,272.883431554515,0.9317
"55",100,15,0.166666666666667,4463.69944547809,297.579963031873,0.9351
"56",100,16,0.15625,4274.4339522599,267.152122016244,0.9459
"57",100,17,0.147058823529412,4177.40196325778,245.729527250458,0.9515
"58",100,18,0.138888888888889,4456.23914748846,247.568841527137,0.9537
"59",100,19,0.131578947368421,3622.40210541491,190.652742390258,0.963
"60",100,20,0.125,4341.50283420371,217.075141710186,0.9607
