"","Dimension","L","Stepsize","ESS","ESS.L","AR"
"1",10,1,2.5,0,0,0
"2",10,2,1.25,2.13301027350876,1.06650513675438,0.0027
"3",10,3,0.833333333333333,1021.7785894188,340.5928631396,0.2646
"4",10,4,0.625,2568.00547662446,642.001369156114,0.5972
"5",10,5,0.5,3547.14150235467,709.428300470934,0.7715
"6",10,6,0.416666666666667,4368.66865914607,728.111443191011,0.8526
"7",10,7,0.357142857142857,4626.19857351368,660.885510501954,0.9007
"8",10,8,0.3125,4714.78249367103,589.347811708878,0.9289
"9",10,9,0.277777777777778,4504.03120866684,500.447912074093,0.9467
"10",10,10,0.25,4593.25967393771,459.325967393771,0.9561
"11",10,11,0.227272727272727,4864.55043988931,442.231858171756,0.9622
"12",10,12,0.208333333333333,4692.5345619587,391.044546829892,0.9677
"13",10,13,0.192307692307692,5198.56226007247,399.889404620959,0.9746
"14",10,14,0.178571428571429,4714.00766116807,336.714832940577,0.9765
"15",10,15,0.166666666666667,5038.46262007956,335.897508005304,0.9815
"16",10,16,0.15625,5133.06742368061,320.816713980038,0.9823
"17",10,17,0.147058823529412,4640.05621923591,272.944483484466,0.9851
"18",10,18,0.138888888888889,5139.96830038655,285.553794465919,0.9877
"19",10,19,0.131578947368421,5051.27496641004,265.856577179476,0.9856
"20",10,20,0.125,4821.14934710472,241.057467355236,0.989
"21",10,1,2.5,0,0,0
"22",10,2,1.25,8.86099139955228,4.43049569977614,0.0029
"23",10,3,0.833333333333333,861.421248819904,287.140416273301,0.2632
"24",10,4,0.625,2383.29573152678,595.823932881696,0.5902
"25",10,5,0.5,2877.86459061488,575.572918122975,0.7714
"26",10,6,0.416666666666667,3946.54829379464,657.758048965774,0.8525
"27",10,7,0.357142857142857,4366.68842475402,623.812632107718,0.8998
"28",10,8,0.3125,4493.51886652879,561.689858316099,0.9258
"29",10,9,0.277777777777778,5130.26408045705,570.029342273005,0.941
"30",10,10,0.25,4401.58934700518,440.158934700518,0.9551
"31",10,11,0.227272727272727,4734.50891669225,430.409901517478,0.9637
"32",10,12,0.208333333333333,4967.5247135242,413.960392793684,0.9692
"33",10,13,0.192307692307692,4908.55784438455,377.581372644965,0.9726
"34",10,14,0.178571428571429,4830.37762856164,345.026973468689,0.9793
"35",10,15,0.166666666666667,4664.17969033667,310.945312689111,0.9811
"36",10,16,0.15625,4859.46649341316,303.716655838323,0.9846
"37",10,17,0.147058823529412,5124.93826722331,301.466956895489,0.986
"38",10,18,0.138888888888889,4817.65439160031,267.647466200017,0.9859
"39",10,19,0.131578947368421,4542.74217795776,239.091693576724,0.9899
"40",10,20,0.125,4960.42782800138,248.021391400069,0.99
"41",10,1,2.5,0,0,0
"42",10,2,1.25,8.45243611717346,4.22621805858673,0.0049
"43",10,3,0.833333333333333,957.102130178731,319.03404339291,0.2677
"44",10,4,0.625,2575.57937419102,643.894843547755,0.5953
"45",10,5,0.5,2990.1768074862,598.035361497239,0.7782
"46",10,6,0.416666666666667,3932.01114758664,655.33519126444,0.8491
"47",10,7,0.357142857142857,3859.70602032396,551.386574331994,0.8935
"48",10,8,0.3125,4719.67403912538,589.959254890673,0.9282
"49",10,9,0.277777777777778,4810.19231063955,534.465812293283,0.9385
"50",10,10,0.25,5221.1821552297,522.11821552297,0.9529
"51",10,11,0.227272727272727,5144.24942548457,467.659038680415,0.9595
"52",10,12,0.208333333333333,5096.10645086108,424.675537571756,0.9679
"53",10,13,0.192307692307692,4748.12545013596,365.240419241228,0.9767
"54",10,14,0.178571428571429,4858.02614661299,347.001867615214,0.9765
"55",10,15,0.166666666666667,5096.35169585183,339.756779723455,0.9778
"56",10,16,0.15625,5089.85942752785,318.116214220491,0.9829
"57",10,17,0.147058823529412,5328.17787930858,313.422228194622,0.9836
"58",10,18,0.138888888888889,4695.58593960361,260.865885533534,0.9843
"59",10,19,0.131578947368421,5109.2774416725,268.909339035395,0.9875
"60",10,20,0.125,5143.08238520058,257.154119260029,0.9863
