"","Dimension","L","Stepsize","ESS","ESS.L","AR"
"1",2,1,2.5,64.1240899542875,64.1240899542875,0.0257
"2",2,2,1.25,821.736564808942,410.868282404471,0.2221
"3",2,4,0.625,4360.8666362526,1090.21665906315,0.8515
"4",2,6,0.416666666666667,5139.49723968782,856.582873281304,0.9466
"5",2,8,0.3125,5072.37443547012,634.046804433765,0.9751
"6",2,10,0.25,5417.47785201396,541.747785201396,0.9823
"7",2,15,0.166666666666667,6169.0407017706,411.26938011804,0.9922
"8",2,20,0.125,5714.4868256292,285.72434128146,0.9963
"9",5,1,2.5,7.53035178614114,7.53035178614114,0.0019
"10",5,2,1.25,198.581184641056,99.2905923205282,0.0667
"11",5,4,0.625,3581.17102021186,895.292755052965,0.7599
"12",5,6,0.416666666666667,4947.23591522785,824.539319204642,0.9164
"13",5,8,0.3125,5048.28124706532,631.035155883166,0.9547
"14",5,10,0.25,4858.91060587687,485.891060587687,0.9726
"15",5,15,0.166666666666667,4595.3707191402,306.35804794268,0.9885
"16",5,20,0.125,5326.35564737013,266.317782368506,0.9931
"17",10,1,2.5,0,0,0
"18",10,2,1.25,11.0266934599584,5.5133467299792,0.0062
"19",10,4,0.625,2574.20735573317,643.551838933293,0.59
"20",10,6,0.416666666666667,4038.97085345416,673.161808909026,0.8531
"21",10,8,0.3125,4769.75432628035,596.219290785043,0.9233
"22",10,10,0.25,4676.20004954754,467.620004954754,0.9517
"23",10,15,0.166666666666667,5017.81264827452,334.520843218301,0.9827
"24",10,20,0.125,4658.1832583886,232.90916291943,0.9886
"25",50,1,2.5,0,0,0
"26",50,2,1.25,0,0,0
"27",50,4,0.625,483.762107239605,120.940526809901,0.2087
"28",50,6,0.416666666666667,2710.14835958412,451.691393264019,0.6746
"29",50,8,0.3125,3397.06233764209,424.632792205261,0.8341
"30",50,10,0.25,4209.48658350436,420.948658350436,0.8979
"31",50,15,0.166666666666667,3823.92272224131,254.928181482754,0.9584
"32",50,20,0.125,4980.22003860953,249.011001930477,0.9754
"33",100,1,2.5,0,0,0
"34",100,2,1.25,0,0,0
"35",100,4,0.625,98.2864165020723,24.5716041255181,0.0744
"36",100,6,0.416666666666667,1592.2511744819,265.375195746983,0.5535
"37",100,8,0.3125,2933.79530310766,366.724412888458,0.7701
"38",100,10,0.25,3661.87337756365,366.187337756365,0.8579
"39",100,15,0.166666666666667,4054.30668924225,270.28711261615,0.9372
"40",100,20,0.125,4446.42489586551,222.321244793275,0.9645
