"","Dimension","L","Stepsize","ESS","ESS.L","AR"
"1",2,187,0.00840896415253715,8340.60358618982,44.6021582149188,0.9999
"2",2,13,0.11861065225684,8048.33369036826,619.10259156679,0.998
"3",2,7,0.228812340361142,9516.52103501364,1359.50300500195,0.9948
"4",2,5,0.339014028465445,11412.3677134744,2282.47354269489,0.9858
"5",2,3,0.449215716569748,5669.77902380255,1889.92634126752,0.9752
"6",2,3,0.55941740467405,10960.1446695654,3653.38155652179,0.9586
"7",2,2,0.669619092778353,5791.16458890786,2895.58229445393,0.9438
"8",2,2,0.779820780882655,9001,4500.5,0.9165
"9",2,2,0.890022468986958,12000.6711187705,6000.33555938526,0.8933
"10",2,2,1.00022415709126,18035.9655861906,9017.98279309532,0.8795
"11",2,1,1.11042584519556,3994.73092159232,3994.73092159232,0.8273
"12",2,1,1.22062753329987,4551.09423257401,4551.09423257401,0.7735
"13",2,1,1.33082922140417,5246.23399773389,5246.23399773389,0.7168
"14",2,1,1.44103090950847,5762.43419221393,5762.43419221393,0.6453
"15",2,1,1.55123259761277,5445.86761432949,5445.86761432949,0.5807
"16",2,1,1.66143428571708,4916.18478380033,4916.18478380033,0.4988
"17",2,1,1.77163597382138,4164.07193083865,4164.07193083865,0.4356
"18",2,1,1.88183766192568,3595.48548811332,3595.48548811332,0.3599
"19",2,1,1.99203935002998,2487.83151530233,2487.83151530233,0.2889
"20",2,1,2.10224103813429,2054.94216570164,2054.94216570164,0.2451
"21",2,187,0.00840896415253715,9000.99999999997,48.133689839572,0.9999
"22",2,13,0.11861065225684,8661.98553880308,666.30657990793,0.9985
"23",2,7,0.228812340361142,9001.00000000004,1285.85714285715,0.993
"24",2,5,0.339014028465445,11122.1591694166,2224.43183388332,0.9859
"25",2,3,0.449215716569748,5925.1150658016,1975.0383552672,0.9753
"26",2,3,0.55941740467405,10754.1704965107,3584.7234988369,0.9599
"27",2,2,0.669619092778353,5731.47531783102,2865.73765891551,0.9419
"28",2,2,0.779820780882655,8601.73752437132,4300.86876218566,0.9182
"29",2,2,0.890022468986958,12270.6766892463,6135.33834462315,0.8967
"30",2,2,1.00022415709126,17657.7569804183,8828.87849020915,0.8729
"31",2,1,1.11042584519556,3949.548793121,3949.548793121,0.8369
"32",2,1,1.22062753329987,4651.28324398403,4651.28324398403,0.7734
"33",2,1,1.33082922140417,5268.01969045964,5268.01969045964,0.7152
"34",2,1,1.44103090950847,5184.62786520982,5184.62786520982,0.65
"35",2,1,1.55123259761277,4872.96586534538,4872.96586534538,0.5688
"36",2,1,1.66143428571708,4782.00026735856,4782.00026735856,0.4917
"37",2,1,1.77163597382138,4277.06841315381,4277.06841315381,0.4291
"38",2,1,1.88183766192568,3121.00738578229,3121.00738578229,0.3634
"39",2,1,1.99203935002998,2603.43766376352,2603.43766376352,0.2947
"40",2,1,2.10224103813429,2175.28047849601,2175.28047849601,0.2462
"41",2,187,0.00840896415253715,9001.00000000001,48.1336898395722,1
"42",2,13,0.11861065225684,8568.73326667568,659.133328205821,0.9977
"43",2,7,0.228812340361142,9488.79557623327,1355.54222517618,0.9922
"44",2,5,0.339014028465445,11086.7586129363,2217.35172258727,0.985
"45",2,3,0.449215716569748,5829.93482794714,1943.31160931571,0.9746
"46",2,3,0.55941740467405,10750.7920419892,3583.59734732975,0.9586
"47",2,2,0.669619092778353,5475.21652893388,2737.60826446694,0.9415
"48",2,2,0.779820780882655,8686.96127752123,4343.48063876061,0.9174
"49",2,2,0.890022468986958,12393.9703098821,6196.98515494107,0.8945
"50",2,2,1.00022415709126,17194.7110256393,8597.35551281964,0.8761
"51",2,1,1.11042584519556,3903.67260598853,3903.67260598853,0.8282
"52",2,1,1.22062753329987,4636.00342234891,4636.00342234891,0.7824
"53",2,1,1.33082922140417,5270.71288698712,5270.71288698712,0.7144
"54",2,1,1.44103090950847,5698.90343130754,5698.90343130754,0.6594
"55",2,1,1.55123259761277,5406.14015972151,5406.14015972151,0.5774
"56",2,1,1.66143428571708,4992.20272797046,4992.20272797046,0.4955
"57",2,1,1.77163597382138,3918.56557243302,3918.56557243302,0.4208
"58",2,1,1.88183766192568,3180.13045047255,3180.13045047255,0.3644
"59",2,1,1.99203935002998,2793.25367959946,2793.25367959946,0.2996
"60",2,1,2.10224103813429,1797.73460627153,1797.73460627153,0.2337
